,Installs,Type
21,1,Free
28,1,Paid
47,1,Paid
82,5,Free
99,5,Free
114,5,Free
126,5,Free
128,5,Free
141,5,Free
151,5,Free
154,5,Free
162,5,Free
171,10,Free
174,10,Free
179,10,Free
181,10,Free
184,10,Free
185,10,Free
186,10,Free
201,10,Free
215,10,Free
226,10,Free
227,10,Free
229,10,Free
230,10,Free
231,10,Free
233,10,Paid
234,10,Free
235,10,Free
237,10,Free
240,10,Free
248,10,Paid
261,10,Free
265,10,Free
268,10,Free
286,10,Free
291,10,Paid
308,10,Free
309,10,Free
310,10,Free
312,10,Paid
313,10,Free
321,10,Free
322,10,Free
330,10,Free
339,10,Paid
343,10,Free
346,10,Free
349,10,Free
354,10,Paid
357,10,Paid
373,10,Paid
378,10,Free
382,10,Free
392,10,Free
400,10,Free
402,10,Paid
411,10,Free
421,10,Paid
425,10,Free
436,10,Paid
439,10,Free
453,10,Free
462,10,Free
467,10,Free
469,10,Free
479,10,Paid
482,10,Free
485,10,Free
486,10,Paid
496,10,Paid
504,10,Paid
509,10,Free
521,10,Free
526,10,Paid
529,10,Free
531,10,Free
534,10,Paid
538,10,Free
540,10,Paid
541,10,Free
556,50,Free
557,50,Free
560,50,Free
567,50,Free
568,50,Free
570,50,Paid
571,50,Paid
576,50,Free
582,50,Free
586,50,Free
590,50,Free
594,50,Free
598,50,Paid
602,50,Free
610,50,Free
616,50,Free
617,50,Free
622,50,Free
623,50,Free
626,50,Free
637,50,Free
638,50,Free
641,50,Free
645,50,Paid
646,50,Free
648,50,Free
650,50,Free
656,50,Free
657,50,Paid
659,50,Paid
662,50,Free
663,50,Paid
677,50,Free
684,50,Free
685,50,Free
692,50,Paid
694,50,Free
695,50,Free
697,50,Free
702,50,Paid
705,50,Paid
714,50,Free
717,50,Free
718,50,Free
721,50,Free
728,50,Paid
731,50,Free
732,50,Free
738,50,Free
739,50,Paid
742,50,Free
744,50,Free
748,50,Paid
749,50,Free
753,50,Free
754,50,Paid
755,100,Free
762,100,Paid
763,100,Paid
767,100,Free
770,100,Free
771,100,Free
772,100,Free
778,100,Free
779,100,Free
780,100,Free
782,100,Free
783,100,Free
784,100,Free
786,100,Free
790,100,Free
795,100,Free
796,100,Free
798,100,Paid
805,100,Free
812,100,Free
815,100,Free
817,100,Free
818,100,Free
823,100,Free
824,100,Free
829,100,Free
830,100,Free
833,100,Free
839,100,Free
843,100,Free
845,100,Paid
846,100,Free
848,100,Free
851,100,Paid
853,100,Free
855,100,Free
856,100,Free
860,100,Free
861,100,Free
862,100,Paid
867,100,Free
869,100,Free
870,100,Free
871,100,Paid
873,100,Free
877,100,Free
879,100,Free
882,100,Paid
883,100,Free
891,100,Free
893,100,Paid
894,100,Paid
895,100,Free
898,100,Paid
901,100,Free
903,100,Free
905,100,Paid
906,100,Free
909,100,Paid
911,100,Free
912,100,Paid
917,100,Free
918,100,Free
920,100,Free
921,100,Paid
923,100,Paid
924,100,Free
926,100,Free
930,100,Free
933,100,Free
934,100,Free
940,100,Free
941,100,Free
944,100,Free
945,100,Free
948,100,Free
949,100,Free
951,100,Free
953,100,Paid
954,100,Free
956,100,Free
957,100,Free
958,100,Free
965,100,Paid
966,100,Free
970,100,Free
977,100,Free
978,100,Paid
979,100,Free
980,100,Free
981,100,Free
985,100,Free
987,100,Free
993,100,Free
994,100,Free
996,100,Free
997,100,Free
1005,100,Free
1011,100,Free
1012,100,Free
1019,100,Free
1021,100,Paid
1023,100,Paid
1024,100,Free
1026,100,Paid
1027,100,Free
1037,100,Paid
1040,100,Free
1042,100,Free
1044,100,Free
1045,100,Paid
1049,100,Free
1050,100,Paid
1051,100,Free
1052,100,Free
1055,100,Paid
1060,100,Free
1063,100,Paid
1064,100,Free
1065,100,Free
1068,100,Paid
1072,100,Free
1073,100,Free
1076,100,Free
1081,100,Free
1083,100,Free
1088,100,Paid
1092,100,Free
1093,100,Free
1095,100,Paid
1096,100,Free
1099,100,Paid
1100,100,Free
1102,100,Free
1106,100,Free
1107,100,Free
1108,100,Free
1109,100,Paid
1114,100,Free
1115,100,Free
1116,100,Paid
1126,100,Paid
1132,100,Free
1134,100,Free
1135,100,Free
1136,100,Paid
1139,100,Free
1140,100,Free
1145,100,Free
1146,100,Free
1153,100,Free
1154,100,Free
1159,100,Free
1160,100,Free
1161,100,Free
1164,100,Free
1166,100,Free
1167,100,Free
1169,100,Free
1171,100,Free
1173,100,Free
1180,100,Free
1181,100,Free
1183,100,Free
1187,100,Free
1188,100,Free
1191,100,Free
1192,100,Free
1195,100,Paid
1199,100,Free
1200,100,Free
1203,100,Paid
1204,100,Paid
1205,100,Paid
1206,100,Paid
1208,100,Free
1209,100,Free
1212,100,Free
1214,100,Free
1222,100,Free
1223,100,Free
1224,100,Free
1225,100,Free
1227,100,Free
1228,100,Free
1229,100,Free
1230,100,Free
1234,100,Free
1237,100,Free
1241,100,Free
1242,100,Free
1243,100,Free
1245,100,Free
1246,100,Free
1251,100,Free
1252,100,Free
1254,100,Free
1257,100,Free
1259,100,Paid
1264,100,Free
1265,100,Free
1267,100,Free
1268,100,Free
1270,100,Free
1271,100,Free
1272,100,Free
1275,100,Free
1276,100,Free
1277,100,Free
1281,100,Paid
1282,100,Free
1284,100,Free
1285,100,Free
1287,100,Paid
1290,100,Free
1291,100,Paid
1292,100,Free
1295,100,Paid
1298,100,Free
1300,100,Paid
1301,100,Free
1302,100,Paid
1303,100,Free
1305,100,Free
1308,100,Free
1314,100,Free
1316,100,Free
1317,100,Paid
1318,100,Free
1319,100,Free
1327,100,Paid
1328,100,Paid
1330,100,Free
1331,100,Paid
1333,100,Paid
1334,100,Free
1335,100,Free
1336,100,Free
1341,100,Free
1343,100,Free
1344,100,Free
1347,100,Free
1350,100,Free
1352,100,Free
1353,100,Free
1355,100,Paid
1357,100,Free
1358,100,Free
1360,100,Free
1363,100,Free
1366,100,Free
1367,100,Free
1368,100,Free
1369,100,Free
1372,100,Free
1373,100,Paid
1374,100,Free
1376,100,Free
1377,100,Free
1378,100,Free
1380,100,Free
1385,100,Free
1388,100,Paid
1390,100,Free
1394,100,Free
1396,100,Free
1397,100,Paid
1401,100,Free
1402,100,Free
1403,100,Free
1405,100,Free
1407,100,Paid
1408,100,Free
1409,100,Paid
1412,100,Free
1413,100,Free
1414,100,Free
1416,100,Free
1417,100,Free
1423,100,Free
1425,100,Free
1426,100,Free
1428,100,Paid
1431,100,Paid
1432,100,Paid
1434,100,Free
1439,100,Free
1440,100,Free
1441,100,Free
1442,100,Free
1444,100,Free
1447,100,Free
1448,100,Free
1449,100,Free
1451,100,Paid
1461,100,Free
1467,100,Free
1468,100,Paid
1469,100,Free
1470,100,Paid
1471,100,Free
1472,100,Paid
1473,100,Paid
1476,500,Free
1477,500,Free
1478,500,Free
1479,500,Free
1480,500,Free
1485,500,Paid
1486,500,Free
1487,500,Free
1488,500,Free
1489,500,Free
1490,500,Paid
1491,500,Free
1492,500,Free
1493,500,Paid
1494,500,Paid
1495,500,Free
1496,500,Free
1499,500,Free
1500,500,Free
1501,500,Free
1505,500,Free
1506,500,Free
1508,500,Paid
1509,500,Paid
1512,500,Paid
1517,500,Free
1519,500,Free
1520,500,Free
1522,500,Free
1523,500,Free
1524,500,Free
1525,500,Free
1526,500,Free
1528,500,Free
1530,500,Free
1532,500,Free
1533,500,Free
1536,500,Free
1538,500,Free
1539,500,Free
1540,500,Free
1545,500,Free
1546,500,Free
1547,500,Paid
1550,500,Free
1551,500,Paid
1552,500,Free
1553,500,Free
1556,500,Free
1557,500,Free
1558,500,Free
1561,500,Paid
1564,500,Free
1565,500,Free
1566,500,Paid
1567,500,Free
1568,500,Free
1569,500,Free
1570,500,Free
1571,500,Free
1572,500,Free
1573,500,Paid
1574,500,Free
1576,500,Free
1577,500,Free
1578,500,Free
1579,500,Free
1581,500,Free
1585,500,Paid
1587,500,Free
1588,500,Free
1591,500,Free
1592,500,Free
1593,500,Free
1594,500,Paid
1596,500,Free
1597,500,Paid
1598,500,Free
1600,500,Free
1602,500,Free
1603,500,Free
1611,500,Free
1612,500,Free
1614,500,Free
1615,500,Free
1617,500,Paid
1618,500,Paid
1619,500,Free
1621,500,Paid
1622,500,Free
1623,500,Free
1624,500,Paid
1625,500,Free
1626,500,Free
1628,500,Free
1629,500,Free
1630,500,Free
1632,500,Free
1633,500,Free
1634,500,Free
1636,500,Free
1637,500,Free
1639,500,Free
1641,500,Free
1643,500,Free
1644,500,Free
1645,500,Paid
1646,500,Paid
1655,500,Free
1657,500,Free
1658,500,Paid
1659,500,Free
1661,500,Free
1663,500,Free
1666,500,Free
1667,500,Paid
1669,500,Free
1672,500,Free
1673,500,Free
1674,500,Free
1675,500,Free
1677,500,Free
1679,500,Free
1680,500,Free
1681,500,Paid
1682,500,Free
1683,500,Paid
1684,500,Free
1685,500,Free
1687,500,Free
1688,500,Free
1689,500,Free
1690,500,Free
1691,500,Free
1693,500,Free
1694,500,Free
1695,500,Free
1696,500,Free
1697,500,Paid
1698,500,Free
1702,500,Free
1705,500,Free
1707,500,Free
1708,500,Free
1709,500,Free
1710,500,Free
1713,500,Free
1716,500,Free
1717,500,Paid
1718,500,Free
1719,500,Free
1720,500,Free
1721,500,Free
1724,500,Free
1725,500,Free
1726,500,Free
1727,500,Free
1729,500,Free
1734,500,Free
1735,500,Free
1736,500,Free
1737,500,Free
1743,500,Free
1745,500,Free
1747,500,Free
1748,500,Free
1750,500,Free
1751,500,Free
1757,500,Free
1758,500,Paid
1759,500,Free
1760,500,Free
1761,500,Free
1763,500,Free
1765,500,Free
1766,500,Free
1768,500,Free
1769,500,Free
1770,500,Free
1771,500,Free
1772,500,Free
1773,500,Paid
1776,500,Free
1780,500,Free
1781,500,Free
1784,500,Free
1786,500,Paid
1787,500,Free
1789,500,Free
1790,500,Free
1791,500,Paid
1794,500,Free
1795,500,Paid
1796,500,Paid
1797,500,Paid
1800,500,Free
1801,500,Free
1802,500,Paid
1803,500,Paid
1805,1000,Free
1806,1000,Free
1808,1000,Free
1810,1000,Free
1811,1000,Free
1812,1000,Paid
1814,1000,Free
1815,1000,Free
1816,1000,Free
1817,1000,Free
1818,1000,Free
1819,1000,Free
1820,1000,Free
1822,1000,Free
1824,1000,Free
1825,1000,Free
1826,1000,Paid
1827,1000,Paid
1828,1000,Paid
1829,1000,Free
1830,1000,Free
1831,1000,Free
1832,1000,Free
1835,1000,Free
1836,1000,Free
1838,1000,Free
1839,1000,Free
1841,1000,Free
1842,1000,Free
1843,1000,Free
1844,1000,Free
1845,1000,Free
1846,1000,Free
1847,1000,Free
1848,1000,Free
1849,1000,Free
1850,1000,Free
1851,1000,Free
1852,1000,Free
1853,1000,Free
1854,1000,Free
1855,1000,Free
1857,1000,Free
1859,1000,Free
1860,1000,Free
1861,1000,Free
1862,1000,Free
1863,1000,Free
1864,1000,Free
1866,1000,Free
1867,1000,Free
1868,1000,Paid
1869,1000,Free
1870,1000,Free
1871,1000,Free
1872,1000,Free
1873,1000,Free
1874,1000,Free
1875,1000,Free
1876,1000,Free
1878,1000,Paid
1879,1000,Free
1880,1000,Free
1881,1000,Free
1882,1000,Free
1883,1000,Free
1884,1000,Free
1887,1000,Free
1889,1000,Free
1890,1000,Free
1891,1000,Free
1893,1000,Free
1895,1000,Free
1896,1000,Free
1897,1000,Free
1898,1000,Free
1899,1000,Paid
1901,1000,Free
1902,1000,Free
1903,1000,Free
1904,1000,Free
1906,1000,Free
1907,1000,Free
1908,1000,Free
1909,1000,Free
1910,1000,Free
1911,1000,Free
1912,1000,Free
1913,1000,Free
1914,1000,Free
1916,1000,Free
1918,1000,Free
1919,1000,Free
1920,1000,Free
1921,1000,Free
1922,1000,Free
1924,1000,Free
1925,1000,Free
1927,1000,Free
1928,1000,Free
1929,1000,Free
1930,1000,Free
1931,1000,Free
1932,1000,Free
1933,1000,Free
1934,1000,Free
1936,1000,Free
1937,1000,Free
1938,1000,Free
1940,1000,Paid
1941,1000,Free
1942,1000,Free
1943,1000,Free
1944,1000,Paid
1946,1000,Paid
1947,1000,Free
1948,1000,Free
1949,1000,Free
1950,1000,Paid
1951,1000,Free
1952,1000,Free
1953,1000,Paid
1955,1000,Free
1956,1000,Free
1958,1000,Paid
1959,1000,Free
1960,1000,Free
1961,1000,Free
1962,1000,Free
1963,1000,Free
1964,1000,Free
1966,1000,Free
1967,1000,Free
1968,1000,Free
1970,1000,Free
1971,1000,Free
1972,1000,Free
1974,1000,Free
1975,1000,Free
1976,1000,Free
1977,1000,Free
1979,1000,Free
1980,1000,Free
1981,1000,Free
1982,1000,Free
1983,1000,Free
1986,1000,Free
1987,1000,Free
1990,1000,Free
1991,1000,Paid
1992,1000,Paid
1993,1000,Paid
1994,1000,Free
1995,1000,Free
1996,1000,Paid
1997,1000,Free
1998,1000,Free
1999,1000,Free
2000,1000,Paid
2001,1000,Free
2002,1000,Paid
2003,1000,Paid
2004,1000,Free
2005,1000,Free
2007,1000,Free
2008,1000,Free
2009,1000,Free
2010,1000,Free
2011,1000,Paid
2012,1000,Free
2013,1000,Free
2014,1000,Free
2018,1000,Free
2019,1000,Free
2020,1000,Free
2021,1000,Free
2025,1000,Free
2026,1000,Free
2027,1000,Free
2028,1000,Free
2029,1000,Paid
2030,1000,Free
2031,1000,Free
2032,1000,Free
2034,1000,Free
2035,1000,Free
2036,1000,Free
2037,1000,Free
2038,1000,Free
2039,1000,Free
2042,1000,Free
2043,1000,Free
2045,1000,Free
2046,1000,Free
2048,1000,Paid
2049,1000,Paid
2051,1000,Free
2052,1000,Free
2053,1000,Free
2054,1000,Free
2055,1000,Free
2056,1000,Free
2057,1000,Free
2059,1000,Free
2062,1000,Paid
2063,1000,Paid
2064,1000,Free
2065,1000,Paid
2067,1000,Free
2069,1000,Free
2070,1000,Paid
2072,1000,Paid
2073,1000,Free
2076,1000,Free
2077,1000,Paid
2079,1000,Paid
2080,1000,Free
2081,1000,Free
2084,1000,Free
2085,1000,Free
2086,1000,Free
2087,1000,Paid
2088,1000,Free
2089,1000,Free
2090,1000,Free
2091,1000,Free
2092,1000,Free
2093,1000,Free
2094,1000,Free
2095,1000,Free
2097,1000,Free
2098,1000,Free
2100,1000,Free
2101,1000,Free
2102,1000,Free
2103,1000,Free
2104,1000,Free
2105,1000,Free
2107,1000,Free
2109,1000,Free
2110,1000,Free
2111,1000,Free
2116,1000,Paid
2117,1000,Paid
2118,1000,Free
2119,1000,Paid
2123,1000,Free
2124,1000,Free
2125,1000,Free
2127,1000,Free
2129,1000,Free
2130,1000,Free
2131,1000,Free
2132,1000,Free
2133,1000,Free
2134,1000,Free
2136,1000,Free
2137,1000,Paid
2138,1000,Free
2140,1000,Free
2142,1000,Free
2143,1000,Free
2144,1000,Free
2145,1000,Free
2146,1000,Free
2147,1000,Free
2148,1000,Free
2149,1000,Free
2151,1000,Free
2152,1000,Free
2153,1000,Free
2154,1000,Paid
2155,1000,Free
2156,1000,Paid
2157,1000,Paid
2158,1000,Free
2159,1000,Paid
2161,1000,Paid
2162,1000,Free
2163,1000,Free
2164,1000,Free
2166,1000,Free
2167,1000,Free
2168,1000,Free
2169,1000,Free
2170,1000,Free
2171,1000,Paid
2174,1000,Free
2175,1000,Free
2176,1000,Paid
2177,1000,Free
2178,1000,Free
2180,1000,Free
2181,1000,Free
2182,1000,Free
2183,1000,Free
2184,1000,Free
2185,1000,Free
2186,1000,Free
2187,1000,Free
2188,1000,Free
2189,1000,Free
2190,1000,Free
2192,1000,Free
2193,1000,Paid
2194,1000,Free
2195,1000,Free
2196,1000,Free
2197,1000,Free
2198,1000,Free
2199,1000,Free
2200,1000,Free
2201,1000,Free
2203,1000,Free
2204,1000,Free
2205,1000,Paid
2206,1000,Free
2207,1000,Paid
2210,1000,Free
2211,1000,Free
2212,1000,Paid
2213,1000,Paid
2214,1000,Free
2215,1000,Free
2217,1000,Free
2218,1000,Free
2219,1000,Free
2220,1000,Paid
2222,1000,Free
2223,1000,Free
2224,1000,Free
2226,1000,Free
2227,1000,Free
2228,1000,Free
2229,1000,Free
2230,1000,Free
2231,1000,Free
2232,1000,Free
2233,1000,Free
2235,1000,Free
2239,1000,Free
2241,1000,Free
2244,1000,Free
2245,1000,Free
2246,1000,Free
2247,1000,Free
2248,1000,Free
2249,1000,Free
2250,1000,Free
2251,1000,Free
2252,1000,Free
2253,1000,Free
2254,1000,Paid
2256,1000,Free
2257,1000,Free
2258,1000,Free
2260,1000,Free
2261,1000,Free
2262,1000,Free
2263,1000,Free
2264,1000,Free
2266,1000,Free
2268,1000,Free
2269,1000,Free
2272,1000,Free
2273,1000,Free
2274,1000,Paid
2275,1000,Free
2276,1000,Paid
2277,1000,Paid
2279,1000,Free
2280,1000,Free
2281,1000,Paid
2283,1000,Paid
2284,1000,Free
2285,1000,Paid
2286,1000,Free
2287,1000,Free
2290,1000,Free
2291,1000,Free
2292,1000,Free
2293,1000,Paid
2295,1000,Free
2298,1000,Free
2301,1000,Free
2303,1000,Paid
2305,1000,Free
2307,1000,Free
2308,1000,Free
2309,1000,Free
2310,1000,Free
2311,1000,Free
2312,1000,Free
2313,1000,Paid
2316,1000,Free
2317,1000,Free
2318,1000,Free
2319,1000,Free
2320,1000,Paid
2321,1000,Free
2323,1000,Free
2324,1000,Free
2325,1000,Free
2326,1000,Free
2327,1000,Free
2328,1000,Free
2330,1000,Free
2331,1000,Free
2332,1000,Free
2333,1000,Free
2334,1000,Free
2336,1000,Free
2337,1000,Free
2338,1000,Free
2341,1000,Free
2342,1000,Free
2343,1000,Free
2344,1000,Free
2345,1000,Free
2346,1000,Free
2347,1000,Free
2348,1000,Paid
2351,1000,Free
2352,1000,Paid
2353,1000,Free
2354,1000,Paid
2355,1000,Free
2356,1000,Free
2357,1000,Free
2358,1000,Free
2359,1000,Free
2360,1000,Free
2363,1000,Free
2365,1000,Free
2369,1000,Paid
2371,1000,Free
2372,1000,Free
2373,1000,Free
2374,1000,Free
2375,1000,Free
2376,1000,Free
2377,1000,Free
2378,1000,Free
2381,1000,Free
2382,1000,Free
2383,1000,Free
2384,1000,Paid
2385,1000,Free
2388,1000,Paid
2389,1000,Free
2390,1000,Free
2391,1000,Free
2392,1000,Free
2393,1000,Free
2394,1000,Paid
2395,1000,Free
2397,1000,Paid
2398,1000,Free
2400,1000,Free
2401,1000,Free
2402,1000,Free
2403,1000,Free
2404,1000,Free
2405,1000,Free
2406,1000,Free
2407,1000,Free
2408,1000,Free
2409,1000,Free
2410,1000,Free
2411,1000,Free
2414,1000,Paid
2415,1000,Free
2416,1000,Free
2418,1000,Paid
2420,1000,Free
2421,1000,Free
2423,1000,Free
2424,1000,Free
2425,1000,Paid
2427,1000,Free
2429,1000,Free
2430,1000,Free
2431,1000,Free
2432,1000,Free
2433,1000,Free
2435,1000,Free
2437,1000,Free
2438,1000,Free
2439,1000,Free
2440,1000,Free
2441,1000,Free
2446,1000,Free
2448,1000,Free
2449,1000,Free
2451,1000,Free
2452,1000,Free
2453,1000,Free
2455,1000,Free
2456,1000,Free
2457,1000,Free
2458,1000,Free
2459,1000,Free
2460,1000,Free
2461,1000,Paid
2462,1000,Free
2463,1000,Paid
2465,1000,Paid
2466,1000,Free
2467,1000,Free
2469,1000,Paid
2470,1000,Free
2471,1000,Free
2472,1000,Paid
2473,1000,Paid
2474,1000,Free
2478,1000,Free
2479,1000,Free
2480,1000,Free
2481,1000,Paid
2483,1000,Paid
2484,1000,Free
2487,1000,Free
2488,1000,Free
2489,1000,Free
2490,1000,Free
2492,1000,Paid
2493,1000,Paid
2494,1000,Free
2496,1000,Free
2497,1000,Free
2498,1000,Free
2499,1000,Paid
2500,1000,Free
2501,1000,Free
2502,1000,Paid
2504,1000,Free
2505,1000,Paid
2506,1000,Free
2507,1000,Free
2508,1000,Free
2509,1000,Free
2510,1000,Free
2511,1000,Free
2514,1000,Paid
2515,1000,Free
2516,1000,Free
2517,1000,Paid
2518,1000,Free
2519,1000,Paid
2522,1000,Free
2523,1000,Free
2524,1000,Free
2526,1000,Free
2527,1000,Paid
2530,1000,Paid
2531,1000,Free
2532,1000,Free
2533,1000,Free
2534,1000,Paid
2535,1000,Free
2536,1000,Free
2537,1000,Free
2538,1000,Free
2539,1000,Free
2540,1000,Free
2541,1000,Free
2542,1000,Free
2543,1000,Free
2544,1000,Free
2545,1000,Free
2546,1000,Paid
2548,1000,Free
2549,1000,Free
2551,1000,Free
2552,1000,Paid
2555,1000,Free
2556,1000,Free
2557,1000,Free
2558,1000,Free
2559,1000,Free
2560,1000,Paid
2562,1000,Free
2563,1000,Free
2564,1000,Free
2566,1000,Free
2570,1000,Free
2572,1000,Free
2573,1000,Free
2574,1000,Free
2575,1000,Free
2576,1000,Free
2577,1000,Free
2578,1000,Free
2579,1000,Free
2580,1000,Free
2582,1000,Paid
2585,1000,Free
2586,1000,Free
2587,1000,Free
2588,1000,Free
2591,1000,Free
2592,1000,Free
2593,1000,Free
2595,1000,Free
2596,1000,Paid
2597,1000,Free
2598,1000,Paid
2599,1000,Paid
2600,1000,Free
2601,1000,Free
2602,1000,Free
2603,1000,Paid
2605,1000,Paid
2606,1000,Free
2607,1000,Free
2608,1000,Free
2610,1000,Free
2612,1000,Paid
2613,1000,Free
2615,1000,Free
2617,1000,Free
2618,1000,Free
2620,1000,Paid
2621,1000,Free
2622,1000,Paid
2623,1000,Free
2627,1000,Free
2629,1000,Paid
2630,1000,Paid
2631,1000,Free
2632,1000,Free
2633,1000,Free
2634,1000,Free
2635,1000,Free
2636,1000,Free
2637,1000,Paid
2638,1000,Free
2639,1000,Free
2641,1000,Free
2642,1000,Free
2644,1000,Paid
2645,1000,Paid
2647,1000,Paid
2648,1000,Paid
2649,1000,Paid
2650,1000,Free
2651,1000,Paid
2653,1000,Paid
2654,1000,Free
2655,1000,Free
2656,1000,Paid
2657,1000,Paid
2658,1000,Paid
2659,1000,Free
2660,1000,Free
2661,1000,Free
2662,1000,Paid
2663,1000,Free
2664,1000,Paid
2666,1000,Paid
2667,1000,Free
2668,1000,Free
2669,1000,Paid
2670,1000,Free
2671,1000,Free
2672,1000,Free
2673,1000,Free
2674,1000,Free
2676,1000,Free
2677,1000,Free
2679,1000,Free
2680,1000,Free
2681,1000,Free
2682,1000,Free
2683,1000,Free
2684,1000,Paid
2685,1000,Paid
2686,1000,Free
2687,1000,Free
2689,1000,Paid
2691,1000,Free
2692,1000,Free
2693,1000,Paid
2694,1000,Paid
2696,1000,Free
2697,1000,Paid
2698,1000,Free
2699,1000,Paid
2700,1000,Paid
2702,1000,Paid
2703,1000,Free
2704,1000,Paid
2705,1000,Free
2706,1000,Paid
2708,1000,Free
2709,1000,Free
2710,1000,Free
2712,5000,Free
2713,5000,Free
2714,5000,Paid
2715,5000,Free
2716,5000,Free
2717,5000,Free
2718,5000,Paid
2719,5000,Free
2720,5000,Free
2722,5000,Free
2723,5000,Free
2724,5000,Free
2725,5000,Free
2726,5000,Free
2728,5000,Free
2729,5000,Free
2730,5000,Free
2731,5000,Free
2732,5000,Free
2734,5000,Free
2735,5000,Free
2736,5000,Free
2737,5000,Free
2738,5000,Free
2739,5000,Free
2740,5000,Paid
2741,5000,Free
2742,5000,Free
2743,5000,Free
2744,5000,Free
2745,5000,Free
2746,5000,Free
2747,5000,Free
2748,5000,Free
2749,5000,Free
2750,5000,Free
2751,5000,Free
2752,5000,Free
2753,5000,Free
2754,5000,Free
2755,5000,Free
2756,5000,Free
2757,5000,Free
2758,5000,Free
2759,5000,Free
2760,5000,Paid
2761,5000,Free
2762,5000,Free
2763,5000,Free
2764,5000,Free
2765,5000,Free
2767,5000,Paid
2768,5000,Paid
2769,5000,Paid
2770,5000,Free
2771,5000,Free
2772,5000,Free
2773,5000,Free
2774,5000,Free
2775,5000,Paid
2777,5000,Free
2778,5000,Free
2779,5000,Free
2781,5000,Paid
2783,5000,Free
2784,5000,Free
2786,5000,Free
2787,5000,Paid
2788,5000,Free
2789,5000,Free
2791,5000,Free
2792,5000,Free
2795,5000,Free
2796,5000,Free
2797,5000,Free
2798,5000,Free
2799,5000,Free
2800,5000,Free
2802,5000,Paid
2803,5000,Free
2805,5000,Free
2806,5000,Free
2808,5000,Free
2809,5000,Free
2810,5000,Free
2811,5000,Free
2812,5000,Free
2813,5000,Free
2814,5000,Free
2815,5000,Free
2816,5000,Paid
2817,5000,Free
2818,5000,Free
2819,5000,Free
2820,5000,Free
2821,5000,Free
2822,5000,Free
2823,5000,Free
2824,5000,Paid
2826,5000,Free
2827,5000,Free
2828,5000,Paid
2829,5000,Free
2830,5000,Free
2831,5000,Paid
2832,5000,Paid
2833,5000,Paid
2834,5000,Paid
2838,5000,Paid
2839,5000,Free
2841,5000,Paid
2843,5000,Free
2844,5000,Free
2845,5000,Free
2846,5000,Free
2847,5000,Free
2848,5000,Free
2849,5000,Paid
2850,5000,Free
2851,5000,Free
2852,5000,Free
2853,5000,Free
2854,5000,Free
2856,5000,Free
2857,5000,Paid
2858,5000,Free
2859,5000,Free
2861,5000,Free
2862,5000,Paid
2863,5000,Free
2864,5000,Free
2865,5000,Free
2866,5000,Free
2867,5000,Free
2868,5000,Free
2869,5000,Paid
2870,5000,Free
2871,5000,Free
2872,5000,Free
2873,5000,Free
2874,5000,Free
2875,5000,Paid
2876,5000,Free
2877,5000,Free
2878,5000,Free
2879,5000,Free
2882,5000,Free
2883,5000,Free
2884,5000,Free
2885,5000,Free
2886,5000,Free
2887,5000,Free
2889,5000,Free
2890,5000,Free
2891,5000,Paid
2892,5000,Free
2893,5000,Free
2894,5000,Free
2895,5000,Free
2896,5000,Free
2897,5000,Paid
2898,5000,Free
2900,5000,Free
2901,5000,Free
2902,5000,Free
2903,5000,Free
2904,5000,Free
2905,5000,Free
2906,5000,Free
2907,5000,Free
2908,5000,Free
2909,5000,Free
2910,5000,Free
2911,5000,Free
2912,5000,Free
2913,5000,Free
2914,5000,Paid
2915,5000,Free
2916,5000,Free
2917,5000,Free
2918,5000,Paid
2920,5000,Free
2923,5000,Free
2924,5000,Free
2925,5000,Free
2926,5000,Free
2928,5000,Free
2929,5000,Free
2931,5000,Free
2932,5000,Free
2933,5000,Free
2934,5000,Free
2935,5000,Free
2937,5000,Free
2938,5000,Paid
2939,5000,Free
2940,5000,Free
2941,5000,Free
2942,5000,Free
2943,5000,Free
2945,5000,Free
2946,5000,Free
2947,5000,Free
2948,5000,Free
2949,5000,Free
2950,5000,Free
2951,5000,Paid
2952,5000,Free
2953,5000,Free
2956,5000,Free
2957,5000,Free
2958,5000,Free
2959,5000,Free
2960,5000,Free
2961,5000,Paid
2963,5000,Free
2964,5000,Paid
2965,5000,Free
2966,5000,Free
2967,5000,Free
2968,5000,Free
2969,5000,Free
2970,5000,Free
2971,5000,Free
2972,5000,Free
2973,5000,Free
2974,5000,Free
2975,5000,Free
2976,5000,Free
2977,5000,Free
2978,5000,Free
2979,5000,Free
2980,5000,Free
2981,5000,Free
2982,5000,Free
2983,5000,Free
2984,5000,Free
2985,5000,Free
2986,5000,Free
2988,5000,Free
2989,5000,Paid
2990,5000,Free
2991,5000,Free
2992,5000,Free
2993,5000,Free
2994,5000,Free
2995,5000,Paid
2996,5000,Paid
2997,5000,Free
2998,5000,Paid
3000,5000,Free
3001,5000,Free
3002,5000,Free
3003,5000,Free
3004,5000,Free
3005,5000,Free
3007,5000,Free
3008,5000,Free
3009,5000,Free
3010,5000,Free
3011,5000,Free
3013,5000,Free
3014,5000,Free
3016,5000,Paid
3017,5000,Paid
3018,5000,Free
3019,5000,Free
3020,5000,Free
3021,5000,Paid
3022,5000,Free
3023,5000,Free
3024,5000,Free
3025,5000,Free
3026,5000,Free
3027,5000,Free
3028,5000,Free
3029,5000,Free
3030,5000,Free
3031,5000,Paid
3032,5000,Free
3033,5000,Free
3034,5000,Free
3035,5000,Free
3036,5000,Free
3038,5000,Free
3039,5000,Free
3040,5000,Free
3041,5000,Free
3042,5000,Free
3043,5000,Paid
3044,5000,Free
3045,5000,Free
3047,5000,Free
3048,5000,Free
3049,5000,Free
3050,5000,Free
3051,5000,Free
3052,5000,Free
3054,5000,Free
3055,5000,Free
3057,5000,Free
3058,5000,Free
3060,5000,Free
3062,5000,Free
3064,5000,Free
3065,5000,Paid
3066,5000,Paid
3067,5000,Paid
3068,5000,Free
3069,5000,Free
3070,5000,Free
3071,5000,Paid
3072,5000,Paid
3073,5000,Free
3074,5000,Free
3075,5000,Free
3076,5000,Free
3077,5000,Free
3078,5000,Free
3079,5000,Paid
3080,5000,Free
3081,5000,Free
3082,5000,Free
3083,5000,Free
3084,5000,Free
3086,5000,Free
3087,5000,Free
3089,5000,Free
3090,5000,Free
3091,5000,Free
3092,5000,Free
3094,5000,Free
3095,5000,Free
3096,5000,Free
3097,5000,Free
3098,5000,Free
3099,5000,Free
3100,5000,Free
3101,5000,Free
3102,5000,Free
3103,5000,Free
3104,5000,Free
3105,5000,Free
3106,5000,Free
3107,5000,Paid
3108,5000,Free
3109,5000,Paid
3110,5000,Free
3111,5000,Free
3112,5000,Free
3113,5000,Free
3114,5000,Paid
3115,5000,Free
3116,5000,Free
3117,5000,Free
3118,5000,Free
3119,5000,Free
3120,5000,Free
3121,5000,Free
3122,5000,Free
3123,5000,Free
3124,5000,Free
3125,5000,Free
3126,5000,Free
3127,5000,Free
3128,5000,Paid
3129,5000,Free
3130,5000,Free
3131,5000,Free
3132,5000,Free
3133,5000,Free
3134,5000,Free
3135,5000,Free
3136,5000,Free
3137,5000,Paid
3138,5000,Free
3139,5000,Free
3140,5000,Free
3141,5000,Free
3142,5000,Paid
3143,5000,Free
3144,5000,Free
3145,5000,Paid
3146,5000,Free
3147,5000,Paid
3148,5000,Free
3149,5000,Free
3150,5000,Free
3151,5000,Free
3152,5000,Free
3153,5000,Free
3154,5000,Free
3156,5000,Free
3157,5000,Free
3158,5000,Free
3159,5000,Free
3160,5000,Free
3161,5000,Free
3162,5000,Paid
3163,5000,Free
3164,5000,Free
3165,5000,Free
3166,5000,Paid
3167,5000,Free
3168,5000,Free
3169,5000,Free
3170,5000,Free
3171,5000,Free
3172,5000,Free
3173,5000,Free
3174,5000,Free
3175,5000,Paid
3176,5000,Paid
3177,5000,Paid
3178,5000,Paid
3179,5000,Paid
3180,5000,Free
3181,5000,Paid
3182,5000,Paid
3183,5000,Free
3184,5000,Free
3185,5000,Free
3186,5000,Free
3187,5000,Free
3188,5000,Free
3189,10000,Free
3190,10000,Free
3191,10000,Free
3192,10000,Free
3193,10000,Free
3194,10000,Free
3195,10000,Free
3196,10000,Free
3197,10000,Free
3198,10000,Free
3199,10000,Free
3200,10000,Free
3201,10000,Free
3202,10000,Free
3203,10000,Free
3204,10000,Free
3205,10000,Free
3206,10000,Free
3207,10000,Free
3208,10000,Free
3209,10000,Paid
3210,10000,Free
3211,10000,Free
3212,10000,Free
3213,10000,Free
3214,10000,Free
3215,10000,Free
3216,10000,Free
3217,10000,Free
3218,10000,Free
3219,10000,Free
3221,10000,Paid
3222,10000,Free
3223,10000,Free
3224,10000,Free
3225,10000,Free
3226,10000,Free
3227,10000,Free
3228,10000,Free
3229,10000,Free
3230,10000,Free
3231,10000,Free
3232,10000,Free
3233,10000,Free
3234,10000,Free
3235,10000,Free
3236,10000,Free
3237,10000,Free
3238,10000,Free
3239,10000,Free
3240,10000,Paid
3241,10000,Paid
3245,10000,Free
3246,10000,Free
3247,10000,Free
3248,10000,Free
3249,10000,Free
3250,10000,Free
3251,10000,Free
3252,10000,Free
3254,10000,Paid
3255,10000,Free
3256,10000,Free
3257,10000,Free
3258,10000,Free
3259,10000,Free
3260,10000,Free
3261,10000,Free
3262,10000,Free
3263,10000,Free
3264,10000,Free
3265,10000,Free
3266,10000,Free
3267,10000,Free
3268,10000,Free
3269,10000,Free
3270,10000,Free
3271,10000,Free
3272,10000,Paid
3273,10000,Free
3274,10000,Free
3275,10000,Free
3276,10000,Free
3277,10000,Free
3278,10000,Free
3279,10000,Free
3280,10000,Free
3281,10000,Free
3282,10000,Free
3283,10000,Free
3284,10000,Free
3286,10000,Free
3287,10000,Free
3288,10000,Free
3289,10000,Free
3290,10000,Free
3291,10000,Free
3292,10000,Free
3293,10000,Paid
3294,10000,Free
3295,10000,Free
3296,10000,Paid
3297,10000,Free
3298,10000,Free
3299,10000,Free
3300,10000,Free
3301,10000,Free
3302,10000,Free
3303,10000,Free
3304,10000,Free
3305,10000,Free
3306,10000,Free
3307,10000,Free
3308,10000,Free
3309,10000,Free
3310,10000,Free
3311,10000,Free
3312,10000,Free
3313,10000,Free
3314,10000,Free
3315,10000,Paid
3316,10000,Paid
3317,10000,Free
3318,10000,Free
3319,10000,Free
3320,10000,Free
3321,10000,Paid
3322,10000,Free
3323,10000,Free
3324,10000,Free
3325,10000,Free
3326,10000,Free
3327,10000,Free
3328,10000,Paid
3329,10000,Paid
3330,10000,Free
3331,10000,Paid
3332,10000,Paid
3334,10000,Free
3335,10000,Free
3336,10000,Free
3337,10000,Free
3338,10000,Free
3339,10000,Free
3340,10000,Free
3341,10000,Free
3342,10000,Free
3343,10000,Free
3344,10000,Free
3345,10000,Free
3346,10000,Free
3347,10000,Paid
3348,10000,Free
3349,10000,Free
3350,10000,Free
3351,10000,Free
3352,10000,Free
3354,10000,Free
3355,10000,Paid
3356,10000,Free
3358,10000,Free
3359,10000,Free
3360,10000,Free
3361,10000,Free
3362,10000,Free
3363,10000,Free
3366,10000,Free
3367,10000,Free
3368,10000,Paid
3369,10000,Free
3370,10000,Free
3371,10000,Free
3372,10000,Free
3373,10000,Free
3374,10000,Free
3375,10000,Paid
3376,10000,Free
3377,10000,Free
3378,10000,Free
3379,10000,Free
3380,10000,Free
3382,10000,Free
3383,10000,Free
3384,10000,Free
3385,10000,Free
3386,10000,Free
3387,10000,Free
3388,10000,Free
3389,10000,Paid
3390,10000,Free
3391,10000,Free
3392,10000,Free
3393,10000,Free
3394,10000,Paid
3395,10000,Free
3396,10000,Free
3397,10000,Free
3398,10000,Free
3399,10000,Free
3401,10000,Free
3402,10000,Free
3403,10000,Free
3404,10000,Free
3405,10000,Free
3406,10000,Free
3407,10000,Free
3408,10000,Free
3409,10000,Free
3410,10000,Free
3411,10000,Free
3412,10000,Free
3413,10000,Paid
3414,10000,Free
3415,10000,Free
3416,10000,Free
3417,10000,Free
3418,10000,Free
3419,10000,Free
3420,10000,Free
3423,10000,Free
3424,10000,Free
3425,10000,Free
3426,10000,Free
3427,10000,Free
3428,10000,Free
3429,10000,Free
3431,10000,Free
3432,10000,Free
3433,10000,Free
3434,10000,Paid
3435,10000,Free
3436,10000,Free
3437,10000,Free
3438,10000,Free
3439,10000,Paid
3440,10000,Free
3441,10000,Free
3442,10000,Free
3443,10000,Free
3444,10000,Free
3445,10000,Free
3446,10000,Free
3447,10000,Free
3448,10000,Free
3449,10000,Free
3450,10000,Free
3451,10000,Free
3452,10000,Free
3453,10000,Free
3454,10000,Free
3455,10000,Free
3457,10000,Free
3458,10000,Free
3459,10000,Free
3460,10000,Free
3461,10000,Free
3462,10000,Free
3463,10000,Free
3464,10000,Free
3466,10000,Free
3467,10000,Paid
3468,10000,Free
3469,10000,Paid
3470,10000,Free
3471,10000,Free
3472,10000,Free
3473,10000,Free
3474,10000,Paid
3475,10000,Free
3476,10000,Paid
3478,10000,Free
3479,10000,Free
3480,10000,Free
3481,10000,Paid
3483,10000,Paid
3484,10000,Free
3485,10000,Free
3486,10000,Paid
3487,10000,Free
3488,10000,Free
3489,10000,Free
3490,10000,Paid
3491,10000,Paid
3493,10000,Free
3494,10000,Free
3495,10000,Free
3496,10000,Free
3497,10000,Free
3498,10000,Paid
3499,10000,Paid
3500,10000,Free
3501,10000,Free
3502,10000,Paid
3503,10000,Free
3504,10000,Free
3505,10000,Paid
3506,10000,Paid
3508,10000,Free
3509,10000,Paid
3510,10000,Paid
3511,10000,Free
3512,10000,Free
3513,10000,Free
3514,10000,Free
3515,10000,Free
3516,10000,Free
3517,10000,Free
3518,10000,Free
3519,10000,Free
3520,10000,Paid
3521,10000,Paid
3523,10000,Paid
3524,10000,Free
3525,10000,Free
3526,10000,Free
3527,10000,Free
3528,10000,Free
3529,10000,Free
3530,10000,Free
3531,10000,Free
3533,10000,Free
3534,10000,Free
3535,10000,Free
3536,10000,Free
3539,10000,Free
3540,10000,Free
3541,10000,Free
3542,10000,Free
3543,10000,Free
3544,10000,Free
3545,10000,Free
3546,10000,Free
3547,10000,Free
3548,10000,Paid
3549,10000,Free
3550,10000,Free
3551,10000,Free
3552,10000,Free
3553,10000,Free
3554,10000,Paid
3555,10000,Free
3556,10000,Free
3557,10000,Paid
3558,10000,Free
3559,10000,Free
3560,10000,Paid
3561,10000,Paid
3562,10000,Free
3563,10000,Free
3564,10000,Free
3565,10000,Free
3566,10000,Free
3567,10000,Free
3568,10000,Free
3569,10000,Free
3570,10000,Free
3571,10000,Free
3572,10000,Free
3574,10000,Free
3575,10000,Free
3576,10000,Free
3577,10000,Paid
3578,10000,Free
3579,10000,Free
3580,10000,Free
3581,10000,Free
3583,10000,Free
3584,10000,Paid
3585,10000,Free
3586,10000,Free
3587,10000,Paid
3588,10000,Free
3589,10000,Free
3590,10000,Free
3591,10000,Free
3592,10000,Free
3593,10000,Free
3594,10000,Free
3595,10000,Free
3596,10000,Free
3597,10000,Free
3598,10000,Paid
3599,10000,Free
3600,10000,Free
3602,10000,Free
3603,10000,Free
3604,10000,Paid
3605,10000,Free
3606,10000,Free
3607,10000,Free
3608,10000,Free
3609,10000,Free
3610,10000,Free
3611,10000,Free
3612,10000,Free
3613,10000,Free
3614,10000,Free
3615,10000,Free
3616,10000,Free
3617,10000,Free
3618,10000,Free
3619,10000,Free
3621,10000,Free
3622,10000,Free
3623,10000,Free
3624,10000,Free
3625,10000,Free
3626,10000,Free
3627,10000,Free
3628,10000,Free
3629,10000,Paid
3630,10000,Free
3632,10000,Free
3633,10000,Free
3635,10000,Free
3636,10000,Free
3637,10000,Free
3638,10000,Free
3639,10000,Paid
3641,10000,Free
3642,10000,Paid
3643,10000,Free
3644,10000,Free
3645,10000,Free
3646,10000,Free
3647,10000,Free
3648,10000,Free
3649,10000,Paid
3650,10000,Free
3651,10000,Free
3652,10000,Free
3653,10000,Free
3654,10000,Free
3655,10000,Free
3656,10000,Free
3657,10000,Free
3658,10000,Free
3659,10000,Free
3660,10000,Free
3661,10000,Free
3662,10000,Free
3663,10000,Free
3664,10000,Paid
3665,10000,Free
3666,10000,Paid
3667,10000,Free
3668,10000,Free
3669,10000,Free
3670,10000,Free
3671,10000,Free
3672,10000,Free
3673,10000,Free
3674,10000,Free
3676,10000,Free
3677,10000,Free
3678,10000,Free
3679,10000,Free
3680,10000,Free
3681,10000,Free
3682,10000,Free
3684,10000,Free
3685,10000,Free
3686,10000,Free
3687,10000,Free
3688,10000,Free
3689,10000,Free
3690,10000,Free
3691,10000,Free
3692,10000,Free
3693,10000,Free
3694,10000,Free
3695,10000,Free
3697,10000,Free
3698,10000,Free
3699,10000,Paid
3700,10000,Free
3701,10000,Paid
3702,10000,Free
3703,10000,Free
3704,10000,Free
3705,10000,Free
3707,10000,Free
3709,10000,Free
3710,10000,Free
3711,10000,Free
3712,10000,Free
3714,10000,Free
3715,10000,Free
3716,10000,Free
3717,10000,Free
3718,10000,Free
3719,10000,Free
3720,10000,Free
3721,10000,Free
3722,10000,Free
3723,10000,Free
3724,10000,Free
3725,10000,Free
3726,10000,Free
3727,10000,Free
3728,10000,Free
3729,10000,Free
3730,10000,Free
3731,10000,Free
3732,10000,Free
3733,10000,Free
3734,10000,Free
3735,10000,Free
3736,10000,Free
3737,10000,Free
3738,10000,Free
3739,10000,Free
3740,10000,Free
3741,10000,Free
3742,10000,Free
3744,10000,Free
3745,10000,Free
3746,10000,Free
3747,10000,Paid
3748,10000,Free
3749,10000,Free
3750,10000,Free
3751,10000,Free
3752,10000,Free
3753,10000,Free
3754,10000,Free
3755,10000,Free
3756,10000,Free
3757,10000,Free
3758,10000,Paid
3759,10000,Paid
3760,10000,Free
3761,10000,Free
3762,10000,Free
3763,10000,Free
3764,10000,Free
3765,10000,Free
3766,10000,Free
3767,10000,Free
3768,10000,Free
3769,10000,Free
3770,10000,Free
3771,10000,Free
3772,10000,Free
3773,10000,Free
3774,10000,Free
3775,10000,Free
3776,10000,Free
3777,10000,Free
3778,10000,Paid
3779,10000,Free
3780,10000,Free
3781,10000,Free
3782,10000,Free
3783,10000,Free
3784,10000,Free
3785,10000,Free
3786,10000,Free
3787,10000,Free
3788,10000,Free
3789,10000,Free
3790,10000,Free
3791,10000,Free
3792,10000,Free
3793,10000,Paid
3794,10000,Free
3795,10000,Free
3796,10000,Free
3797,10000,Free
3798,10000,Paid
3799,10000,Paid
3800,10000,Free
3801,10000,Free
3802,10000,Free
3803,10000,Free
3804,10000,Free
3805,10000,Free
3806,10000,Free
3807,10000,Free
3808,10000,Free
3809,10000,Free
3810,10000,Free
3811,10000,Free
3812,10000,Free
3813,10000,Free
3814,10000,Free
3815,10000,Free
3816,10000,Free
3817,10000,Free
3818,10000,Free
3819,10000,Free
3820,10000,Free
3821,10000,Paid
3823,10000,Free
3824,10000,Free
3825,10000,Free
3826,10000,Free
3828,10000,Free
3829,10000,Free
3830,10000,Free
3831,10000,Free
3832,10000,Free
3833,10000,Free
3834,10000,Free
3835,10000,Free
3836,10000,Free
3837,10000,Free
3838,10000,Free
3839,10000,Free
3840,10000,Free
3841,10000,Free
3842,10000,Free
3843,10000,Free
3844,10000,Free
3845,10000,Free
3846,10000,Free
3847,10000,Free
3848,10000,Free
3849,10000,Free
3850,10000,Free
3851,10000,Free
3852,10000,Free
3853,10000,Free
3854,10000,Paid
3855,10000,Free
3856,10000,Paid
3857,10000,Free
3858,10000,Free
3859,10000,Free
3860,10000,Free
3861,10000,Free
3862,10000,Free
3863,10000,Free
3864,10000,Free
3865,10000,Free
3866,10000,Free
3867,10000,Free
3868,10000,Free
3869,10000,Paid
3870,10000,Free
3871,10000,Free
3872,10000,Free
3873,10000,Free
3874,10000,Free
3875,10000,Free
3876,10000,Free
3877,10000,Free
3878,10000,Free
3879,10000,Free
3881,10000,Free
3882,10000,Free
3883,10000,Free
3884,10000,Free
3886,10000,Free
3887,10000,Free
3888,10000,Free
3889,10000,Free
3891,10000,Free
3892,10000,Free
3893,10000,Free
3896,10000,Paid
3897,10000,Paid
3898,10000,Free
3899,10000,Free
3901,10000,Free
3903,10000,Paid
3904,10000,Paid
3906,10000,Free
3907,10000,Free
3908,10000,Free
3910,10000,Free
3911,10000,Free
3912,10000,Free
3913,10000,Free
3914,10000,Free
3915,10000,Free
3916,10000,Free
3917,10000,Free
3918,10000,Free
3919,10000,Free
3920,10000,Free
3921,10000,Free
3922,10000,Free
3924,10000,Free
3925,10000,Free
3926,10000,Free
3927,10000,Free
3928,10000,Free
3929,10000,Free
3930,10000,Free
3931,10000,Free
3932,10000,Free
3933,10000,Free
3934,10000,Free
3935,10000,Free
3937,10000,Free
3938,10000,Free
3939,10000,Free
3940,10000,Free
3941,10000,Free
3942,10000,Free
3944,10000,Free
3945,10000,Free
3946,10000,Paid
3947,10000,Free
3948,10000,Free
3949,10000,Free
3950,10000,Free
3951,10000,Free
3952,10000,Paid
3953,10000,Free
3954,10000,Free
3955,10000,Free
3956,10000,Free
3957,10000,Free
3958,10000,Free
3959,10000,Free
3960,10000,Free
3961,10000,Free
3962,10000,Paid
3963,10000,Free
3964,10000,Free
3965,10000,Paid
3966,10000,Free
3967,10000,Free
3968,10000,Free
3969,10000,Free
3970,10000,Free
3971,10000,Free
3972,10000,Free
3973,10000,Free
3974,10000,Paid
3975,10000,Free
3976,10000,Free
3977,10000,Paid
3978,10000,Free
3979,10000,Free
3981,10000,Free
3982,10000,Free
3983,10000,Free
3984,10000,Free
3985,10000,Free
3986,10000,Free
3987,10000,Free
3988,10000,Free
3989,10000,Free
3990,10000,Free
3991,10000,Free
3992,10000,Free
3993,10000,Free
3994,10000,Free
3995,10000,Paid
3996,10000,Free
3997,10000,Free
3998,10000,Free
3999,10000,Free
4000,10000,Free
4001,10000,Free
4002,10000,Free
4003,10000,Paid
4004,10000,Paid
4005,10000,Free
4006,10000,Free
4007,10000,Free
4008,10000,Free
4009,10000,Free
4010,10000,Free
4011,10000,Free
4012,10000,Free
4013,10000,Free
4014,10000,Free
4015,10000,Free
4016,10000,Free
4017,10000,Free
4018,10000,Free
4019,10000,Free
4020,10000,Free
4021,10000,Free
4022,10000,Paid
4023,10000,Free
4024,10000,Free
4025,10000,Paid
4026,10000,Free
4027,10000,Free
4028,10000,Free
4029,10000,Free
4030,10000,Free
4032,10000,Free
4033,10000,Free
4034,10000,Free
4035,10000,Free
4036,10000,Free
4037,10000,Free
4038,10000,Free
4039,10000,Free
4040,10000,Free
4041,10000,Free
4042,10000,Free
4043,10000,Free
4044,10000,Free
4045,10000,Free
4046,10000,Free
4047,10000,Free
4048,10000,Free
4049,10000,Paid
4051,10000,Free
4052,10000,Free
4053,10000,Free
4054,10000,Free
4055,10000,Free
4056,10000,Free
4057,10000,Free
4058,10000,Free
4059,10000,Free
4060,10000,Free
4061,10000,Free
4062,10000,Free
4063,10000,Free
4064,10000,Free
4065,10000,Free
4066,10000,Free
4068,10000,Paid
4069,10000,Free
4070,10000,Free
4071,10000,Free
4072,10000,Free
4073,10000,Free
4074,10000,Paid
4075,10000,Paid
4076,10000,Free
4077,10000,Free
4078,10000,Paid
4079,10000,Free
4080,10000,Free
4081,10000,Free
4082,10000,Free
4083,10000,Paid
4084,10000,Paid
4085,10000,Paid
4086,10000,Paid
4087,10000,Free
4088,10000,Paid
4089,10000,Free
4090,10000,Paid
4091,10000,Free
4092,10000,Free
4093,10000,Free
4094,10000,Paid
4095,10000,Paid
4096,10000,Free
4097,10000,Free
4098,10000,Free
4099,10000,Free
4100,10000,Free
4101,10000,Free
4102,10000,Free
4103,10000,Free
4104,10000,Free
4105,10000,Free
4106,10000,Free
4107,10000,Free
4108,10000,Paid
4109,10000,Free
4110,10000,Paid
4111,10000,Free
4112,10000,Free
4113,10000,Free
4114,10000,Free
4115,10000,Free
4116,10000,Free
4117,10000,Free
4118,10000,Free
4119,10000,Free
4120,10000,Free
4121,10000,Free
4122,10000,Free
4123,10000,Free
4124,10000,Free
4125,10000,Free
4126,10000,Free
4127,10000,Free
4128,10000,Free
4129,10000,Free
4130,10000,Free
4131,10000,Free
4132,10000,Paid
4134,10000,Free
4135,10000,Free
4136,10000,Free
4137,10000,Free
4138,10000,Free
4139,10000,Free
4140,10000,Free
4141,10000,Paid
4142,10000,Paid
4143,10000,Free
4144,10000,Free
4145,10000,Free
4146,10000,Free
4147,10000,Free
4148,10000,Free
4149,10000,Free
4151,10000,Free
4152,10000,Free
4153,10000,Free
4154,10000,Free
4155,10000,Free
4156,10000,Free
4157,10000,Paid
4158,10000,Paid
4159,10000,Paid
4160,10000,Free
4161,10000,Free
4162,10000,Free
4163,10000,Free
4164,10000,Free
4165,10000,Free
4166,10000,Free
4167,10000,Free
4168,10000,Free
4169,10000,Free
4170,10000,Free
4171,10000,Free
4172,10000,Free
4173,10000,Free
4174,10000,Free
4175,10000,Free
4176,10000,Free
4177,10000,Free
4178,10000,Free
4179,10000,Free
4180,10000,Free
4182,10000,Free
4183,10000,Free
4184,10000,Free
4185,10000,Free
4186,10000,Free
4187,10000,Free
4188,10000,Free
4189,10000,Free
4190,10000,Free
4191,10000,Free
4192,10000,Free
4193,10000,Free
4194,10000,Free
4195,10000,Free
4196,10000,Free
4197,10000,Free
4198,10000,Free
4199,10000,Free
4200,10000,Free
4201,10000,Free
4202,10000,Free
4203,10000,Free
4204,10000,Free
4205,10000,Free
4207,10000,Paid
4209,10000,Free
4210,10000,Free
4211,10000,Free
4212,10000,Paid
4214,10000,Paid
4215,10000,Paid
4216,10000,Free
4217,10000,Free
4218,10000,Free
4219,10000,Free
4220,10000,Free
4221,10000,Free
4222,10000,Free
4223,10000,Free
4224,10000,Paid
4228,10000,Free
4229,10000,Free
4230,10000,Paid
4231,10000,Paid
4232,10000,Free
4233,10000,Free
4234,10000,Free
4235,10000,Free
4236,10000,Free
4237,10000,Paid
4238,10000,Paid
4239,10000,Free
4240,10000,Free
4241,10000,Free
4242,10000,Free
4243,50000,Free
4244,50000,Free
4245,50000,Free
4246,50000,Free
4247,50000,Free
4248,50000,Free
4250,50000,Free
4251,50000,Free
4252,50000,Free
4253,50000,Paid
4254,50000,Free
4255,50000,Free
4256,50000,Free
4257,50000,Free
4258,50000,Free
4259,50000,Free
4260,50000,Paid
4261,50000,Free
4262,50000,Free
4263,50000,Free
4264,50000,Paid
4265,50000,Free
4266,50000,Free
4267,50000,Free
4268,50000,Free
4269,50000,Free
4270,50000,Free
4271,50000,Free
4272,50000,Free
4273,50000,Free
4274,50000,Free
4275,50000,Free
4276,50000,Free
4277,50000,Free
4278,50000,Free
4279,50000,Free
4280,50000,Free
4281,50000,Free
4282,50000,Free
4283,50000,Free
4284,50000,Paid
4285,50000,Free
4286,50000,Free
4287,50000,Free
4288,50000,Free
4289,50000,Free
4290,50000,Free
4291,50000,Free
4292,50000,Free
4293,50000,Free
4294,50000,Free
4295,50000,Free
4298,50000,Free
4299,50000,Free
4300,50000,Free
4301,50000,Free
4302,50000,Free
4303,50000,Free
4304,50000,Free
4305,50000,Free
4306,50000,Free
4307,50000,Free
4308,50000,Free
4309,50000,Free
4311,50000,Free
4312,50000,Free
4313,50000,Paid
4314,50000,Paid
4315,50000,Free
4316,50000,Free
4317,50000,Free
4318,50000,Free
4319,50000,Free
4320,50000,Free
4321,50000,Free
4322,50000,Free
4323,50000,Free
4324,50000,Free
4325,50000,Free
4326,50000,Free
4327,50000,Free
4328,50000,Free
4329,50000,Free
4330,50000,Free
4331,50000,Free
4332,50000,Free
4333,50000,Free
4334,50000,Free
4335,50000,Free
4336,50000,Free
4337,50000,Free
4338,50000,Free
4339,50000,Free
4340,50000,Free
4341,50000,Free
4342,50000,Free
4343,50000,Free
4344,50000,Free
4345,50000,Free
4346,50000,Free
4347,50000,Free
4348,50000,Free
4349,50000,Free
4350,50000,Free
4351,50000,Free
4352,50000,Free
4353,50000,Free
4354,50000,Free
4355,50000,Free
4356,50000,Free
4357,50000,Free
4358,50000,Free
4359,50000,Free
4360,50000,Free
4361,50000,Free
4362,50000,Free
4363,50000,Free
4364,50000,Free
4365,50000,Free
4366,50000,Paid
4367,50000,Free
4368,50000,Free
4369,50000,Paid
4370,50000,Free
4371,50000,Free
4372,50000,Free
4374,50000,Paid
4377,50000,Free
4378,50000,Free
4379,50000,Free
4380,50000,Free
4381,50000,Paid
4382,50000,Paid
4383,50000,Free
4384,50000,Free
4385,50000,Paid
4386,50000,Paid
4387,50000,Free
4388,50000,Free
4389,50000,Paid
4390,50000,Free
4391,50000,Free
4392,50000,Free
4393,50000,Free
4394,50000,Free
4395,50000,Paid
4396,50000,Free
4397,50000,Free
4398,50000,Free
4399,50000,Free
4401,50000,Free
4402,50000,Free
4403,50000,Free
4404,50000,Free
4405,50000,Free
4406,50000,Free
4407,50000,Free
4408,50000,Free
4409,50000,Free
4410,50000,Free
4412,50000,Free
4413,50000,Free
4414,50000,Free
4415,50000,Free
4416,50000,Free
4417,50000,Free
4418,50000,Free
4419,50000,Free
4420,50000,Free
4421,50000,Free
4422,50000,Free
4423,50000,Free
4424,50000,Free
4425,50000,Free
4426,50000,Free
4427,50000,Free
4428,50000,Free
4429,50000,Free
4430,50000,Free
4431,50000,Free
4432,50000,Free
4433,50000,Free
4434,50000,Free
4436,50000,Free
4437,50000,Free
4438,50000,Free
4439,50000,Free
4440,50000,Free
4441,50000,Free
4442,50000,Free
4443,50000,Free
4444,50000,Free
4445,50000,Free
4446,50000,Free
4447,50000,Free
4448,50000,Free
4449,50000,Free
4450,50000,Free
4451,50000,Free
4452,50000,Free
4453,50000,Free
4454,50000,Free
4455,50000,Free
4456,50000,Free
4457,50000,Free
4458,50000,Free
4459,50000,Free
4460,50000,Free
4461,50000,Free
4462,50000,Free
4463,50000,Free
4464,50000,Free
4465,50000,Free
4466,50000,Free
4467,50000,Free
4468,50000,Free
4469,50000,Free
4470,50000,Paid
4471,50000,Free
4472,50000,Free
4473,50000,Free
4474,50000,Free
4475,50000,Free
4476,50000,Free
4477,50000,Free
4478,50000,Free
4479,50000,Free
4480,50000,Paid
4481,50000,Free
4482,50000,Free
4483,50000,Free
4485,50000,Free
4486,50000,Free
4487,50000,Free
4488,50000,Free
4489,50000,Free
4490,50000,Free
4491,50000,Free
4492,50000,Free
4493,50000,Free
4494,50000,Free
4495,50000,Free
4496,50000,Free
4497,50000,Free
4498,50000,Free
4499,50000,Free
4500,50000,Free
4501,50000,Paid
4502,50000,Free
4503,50000,Free
4504,50000,Free
4505,50000,Free
4506,50000,Free
4507,50000,Free
4508,50000,Free
4509,50000,Free
4510,50000,Free
4511,50000,Free
4512,50000,Paid
4513,50000,Paid
4514,50000,Free
4515,50000,Paid
4516,50000,Free
4517,50000,Free
4518,50000,Free
4519,50000,Free
4520,50000,Free
4521,50000,Free
4522,50000,Free
4523,50000,Free
4524,50000,Free
4525,50000,Paid
4526,50000,Paid
4527,50000,Free
4528,50000,Free
4529,50000,Free
4530,50000,Free
4531,50000,Free
4532,50000,Free
4533,50000,Paid
4534,50000,Free
4535,50000,Paid
4537,50000,Free
4538,50000,Free
4539,50000,Free
4540,50000,Free
4541,50000,Free
4542,50000,Free
4543,50000,Free
4544,50000,Free
4545,50000,Free
4546,50000,Free
4547,50000,Free
4548,50000,Free
4549,50000,Free
4550,50000,Free
4551,50000,Free
4552,50000,Free
4553,50000,Free
4554,50000,Free
4555,50000,Free
4556,50000,Free
4557,50000,Free
4559,50000,Free
4560,50000,Free
4562,50000,Free
4563,50000,Free
4564,50000,Paid
4565,50000,Free
4566,50000,Free
4567,50000,Free
4569,50000,Free
4570,50000,Free
4571,50000,Free
4572,50000,Free
4573,50000,Paid
4576,50000,Free
4577,50000,Free
4578,50000,Free
4579,50000,Free
4580,50000,Free
4581,50000,Free
4582,50000,Free
4583,50000,Free
4584,50000,Free
4585,50000,Free
4586,50000,Free
4587,50000,Free
4588,50000,Paid
4589,50000,Free
4590,50000,Free
4591,50000,Free
4593,50000,Free
4594,50000,Free
4595,50000,Free
4596,50000,Free
4597,50000,Free
4598,50000,Free
4599,50000,Free
4600,50000,Free
4601,50000,Free
4602,50000,Free
4603,50000,Free
4604,50000,Free
4605,50000,Free
4606,50000,Paid
4607,50000,Free
4608,50000,Free
4609,50000,Free
4610,50000,Free
4611,50000,Free
4612,50000,Free
4613,50000,Free
4614,50000,Free
4615,50000,Free
4616,50000,Free
4617,50000,Free
4618,50000,Free
4619,50000,Paid
4620,50000,Free
4621,50000,Free
4622,50000,Free
4623,50000,Free
4624,50000,Free
4625,50000,Free
4626,50000,Free
4627,50000,Free
4628,50000,Free
4629,50000,Free
4630,50000,Free
4631,50000,Free
4632,50000,Free
4633,50000,Free
4634,50000,Paid
4635,50000,Free
4636,50000,Free
4637,50000,Free
4638,50000,Free
4639,50000,Free
4640,50000,Free
4641,50000,Paid
4642,50000,Free
4643,50000,Free
4644,50000,Free
4645,50000,Paid
4646,50000,Free
4647,50000,Free
4648,50000,Free
4649,50000,Free
4650,50000,Free
4651,50000,Free
4652,50000,Paid
4653,50000,Free
4654,50000,Paid
4655,50000,Free
4656,50000,Free
4657,50000,Free
4658,50000,Free
4659,50000,Paid
4660,50000,Free
4661,50000,Free
4662,50000,Free
4663,50000,Free
4664,50000,Free
4665,50000,Free
4666,50000,Free
4667,50000,Free
4668,50000,Free
4669,50000,Paid
4670,50000,Free
4671,50000,Free
4672,50000,Paid
4673,50000,Free
4674,50000,Free
4675,50000,Free
4677,50000,Free
4678,50000,Free
4679,50000,Free
4680,50000,Free
4681,50000,Paid
4682,50000,Free
4683,50000,Free
4684,50000,Free
4685,50000,Free
4686,50000,Free
4687,50000,Free
4688,50000,Free
4689,50000,Free
4690,50000,Free
4691,50000,Free
4693,50000,Free
4694,50000,Free
4695,50000,Free
4696,50000,Free
4697,50000,Free
4698,50000,Free
4699,50000,Free
4700,50000,Free
4703,50000,Free
4704,50000,Free
4705,50000,Paid
4706,50000,Free
4707,50000,Free
4708,50000,Free
4709,50000,Free
4710,50000,Free
4711,50000,Free
4712,50000,Free
4713,50000,Free
4714,50000,Free
4715,50000,Free
4716,50000,Free
4717,50000,Free
4718,50000,Free
4719,50000,Free
4720,50000,Free
4721,50000,Free
4722,100000,Free
4725,100000,Free
4726,100000,Free
4727,100000,Free
4728,100000,Free
4729,100000,Free
4730,100000,Free
4731,100000,Free
4732,100000,Free
4733,100000,Free
4734,100000,Free
4735,100000,Free
4736,100000,Free
4737,100000,Free
4738,100000,Free
4739,100000,Free
4740,100000,Free
4741,100000,Free
4742,100000,Free
4743,100000,Free
4744,100000,Free
4745,100000,Free
4746,100000,Free
4747,100000,Free
4748,100000,Free
4749,100000,Free
4750,100000,Free
4751,100000,Free
4752,100000,Free
4753,100000,Free
4754,100000,Free
4755,100000,Free
4756,100000,Paid
4757,100000,Free
4758,100000,Free
4759,100000,Free
4760,100000,Free
4763,100000,Free
4764,100000,Free
4765,100000,Free
4766,100000,Free
4767,100000,Free
4768,100000,Free
4769,100000,Free
4770,100000,Paid
4771,100000,Free
4772,100000,Paid
4775,100000,Free
4776,100000,Free
4777,100000,Free
4778,100000,Free
4779,100000,Free
4780,100000,Free
4781,100000,Free
4782,100000,Free
4783,100000,Free
4784,100000,Free
4785,100000,Free
4786,100000,Free
4787,100000,Free
4788,100000,Free
4789,100000,Free
4790,100000,Free
4791,100000,Free
4792,100000,Free
4793,100000,Free
4794,100000,Paid
4795,100000,Free
4796,100000,Free
4797,100000,Free
4798,100000,Free
4799,100000,Free
4800,100000,Free
4801,100000,Free
4802,100000,Free
4804,100000,Free
4805,100000,Free
4806,100000,Free
4808,100000,Free
4809,100000,Free
4810,100000,Free
4811,100000,Free
4812,100000,Free
4813,100000,Free
4814,100000,Free
4815,100000,Free
4816,100000,Free
4817,100000,Free
4818,100000,Free
4819,100000,Free
4820,100000,Free
4821,100000,Free
4822,100000,Free
4823,100000,Free
4824,100000,Free
4825,100000,Free
4826,100000,Free
4827,100000,Paid
4828,100000,Free
4829,100000,Free
4830,100000,Free
4831,100000,Free
4832,100000,Free
4833,100000,Free
4834,100000,Paid
4835,100000,Free
4836,100000,Free
4838,100000,Free
4839,100000,Free
4840,100000,Paid
4841,100000,Free
4842,100000,Free
4843,100000,Free
4844,100000,Free
4845,100000,Free
4846,100000,Free
4847,100000,Free
4848,100000,Free
4849,100000,Free
4850,100000,Paid
4851,100000,Free
4852,100000,Free
4853,100000,Free
4854,100000,Free
4855,100000,Free
4856,100000,Free
4858,100000,Free
4859,100000,Free
4860,100000,Free
4861,100000,Free
4862,100000,Paid
4863,100000,Paid
4864,100000,Free
4865,100000,Paid
4866,100000,Free
4867,100000,Free
4868,100000,Free
4869,100000,Free
4870,100000,Free
4871,100000,Free
4872,100000,Free
4873,100000,Free
4874,100000,Free
4875,100000,Free
4876,100000,Free
4877,100000,Free
4878,100000,Free
4879,100000,Free
4880,100000,Free
4881,100000,Free
4882,100000,Free
4883,100000,Paid
4884,100000,Free
4886,100000,Free
4887,100000,Free
4889,100000,Free
4890,100000,Free
4891,100000,Free
4892,100000,Free
4893,100000,Free
4894,100000,Free
4895,100000,Free
4896,100000,Free
4897,100000,Free
4898,100000,Free
4899,100000,Free
4901,100000,Paid
4902,100000,Free
4903,100000,Free
4904,100000,Free
4905,100000,Free
4906,100000,Free
4907,100000,Free
4908,100000,Free
4909,100000,Free
4910,100000,Free
4911,100000,Free
4912,100000,Paid
4913,100000,Free
4914,100000,Free
4915,100000,Free
4916,100000,Free
4918,100000,Free
4919,100000,Free
4920,100000,Free
4921,100000,Free
4922,100000,Free
4923,100000,Free
4924,100000,Paid
4926,100000,Free
4927,100000,Free
4928,100000,Free
4929,100000,Free
4930,100000,Free
4931,100000,Free
4932,100000,Free
4933,100000,Free
4934,100000,Free
4935,100000,Free
4936,100000,Free
4937,100000,Free
4938,100000,Free
4939,100000,Paid
4940,100000,Free
4941,100000,Free
4942,100000,Free
4943,100000,Free
4944,100000,Free
4946,100000,Free
4948,100000,Free
4949,100000,Free
4950,100000,Free
4951,100000,Free
4952,100000,Free
4953,100000,Free
4954,100000,Free
4955,100000,Free
4956,100000,Free
4957,100000,Paid
4958,100000,Paid
4959,100000,Free
4960,100000,Free
4961,100000,Free
4962,100000,Free
4963,100000,Free
4964,100000,Free
4965,100000,Free
4966,100000,Free
4967,100000,Free
4968,100000,Free
4969,100000,Free
4970,100000,Free
4971,100000,Free
4972,100000,Free
4973,100000,Free
4974,100000,Free
4975,100000,Paid
4976,100000,Free
4977,100000,Free
4978,100000,Free
4979,100000,Free
4980,100000,Free
4981,100000,Free
4982,100000,Free
4983,100000,Free
4984,100000,Free
4985,100000,Free
4986,100000,Free
4987,100000,Free
4988,100000,Free
4989,100000,Free
4990,100000,Free
4991,100000,Free
4992,100000,Free
4993,100000,Free
4995,100000,Free
4996,100000,Free
4997,100000,Free
4998,100000,Free
4999,100000,Free
5000,100000,Paid
5001,100000,Free
5002,100000,Free
5005,100000,Paid
5006,100000,Free
5007,100000,Free
5009,100000,Free
5010,100000,Free
5011,100000,Free
5012,100000,Free
5013,100000,Free
5014,100000,Free
5016,100000,Free
5017,100000,Free
5018,100000,Free
5019,100000,Free
5020,100000,Free
5021,100000,Free
5023,100000,Free
5024,100000,Paid
5025,100000,Free
5026,100000,Free
5027,100000,Free
5028,100000,Free
5030,100000,Free
5031,100000,Free
5032,100000,Free
5033,100000,Free
5034,100000,Free
5035,100000,Free
5036,100000,Free
5037,100000,Free
5038,100000,Paid
5039,100000,Free
5040,100000,Free
5041,100000,Free
5042,100000,Free
5043,100000,Free
5044,100000,Free
5045,100000,Free
5046,100000,Paid
5047,100000,Free
5048,100000,Paid
5050,100000,Free
5051,100000,Free
5052,100000,Free
5054,100000,Free
5055,100000,Free
5056,100000,Free
5057,100000,Free
5058,100000,Free
5059,100000,Free
5060,100000,Free
5061,100000,Free
5062,100000,Paid
5063,100000,Paid
5064,100000,Free
5065,100000,Free
5066,100000,Free
5067,100000,Paid
5068,100000,Free
5069,100000,Paid
5070,100000,Free
5071,100000,Free
5072,100000,Free
5073,100000,Free
5074,100000,Free
5075,100000,Free
5076,100000,Free
5077,100000,Free
5078,100000,Free
5079,100000,Free
5080,100000,Free
5081,100000,Paid
5083,100000,Free
5084,100000,Free
5085,100000,Free
5086,100000,Free
5087,100000,Free
5089,100000,Free
5090,100000,Free
5091,100000,Paid
5092,100000,Free
5094,100000,Free
5095,100000,Free
5097,100000,Free
5098,100000,Free
5099,100000,Paid
5100,100000,Free
5101,100000,Paid
5102,100000,Free
5103,100000,Free
5104,100000,Paid
5105,100000,Paid
5106,100000,Paid
5108,100000,Paid
5109,100000,Paid
5110,100000,Free
5111,100000,Paid
5112,100000,Free
5113,100000,Free
5114,100000,Free
5115,100000,Free
5116,100000,Free
5117,100000,Free
5118,100000,Free
5119,100000,Free
5120,100000,Free
5121,100000,Free
5123,100000,Free
5124,100000,Free
5125,100000,Free
5126,100000,Free
5127,100000,Free
5128,100000,Free
5129,100000,Free
5130,100000,Free
5131,100000,Free
5132,100000,Paid
5133,100000,Free
5134,100000,Free
5135,100000,Free
5136,100000,Free
5137,100000,Free
5138,100000,Free
5139,100000,Free
5141,100000,Free
5142,100000,Free
5143,100000,Free
5144,100000,Free
5145,100000,Free
5146,100000,Free
5147,100000,Paid
5148,100000,Paid
5149,100000,Free
5150,100000,Free
5151,100000,Free
5152,100000,Free
5153,100000,Free
5154,100000,Free
5156,100000,Free
5157,100000,Free
5158,100000,Paid
5159,100000,Free
5160,100000,Free
5161,100000,Free
5162,100000,Free
5163,100000,Free
5164,100000,Free
5165,100000,Free
5166,100000,Free
5167,100000,Free
5168,100000,Free
5169,100000,Free
5170,100000,Free
5171,100000,Paid
5172,100000,Free
5173,100000,Free
5174,100000,Free
5176,100000,Free
5177,100000,Free
5178,100000,Free
5179,100000,Free
5181,100000,Free
5182,100000,Free
5183,100000,Free
5184,100000,Free
5185,100000,Free
5186,100000,Free
5187,100000,Free
5188,100000,Free
5189,100000,Free
5190,100000,Free
5191,100000,Free
5192,100000,Free
5193,100000,Free
5194,100000,Free
5195,100000,Paid
5196,100000,Free
5197,100000,Free
5198,100000,Free
5199,100000,Paid
5200,100000,Free
5201,100000,Free
5202,100000,Free
5203,100000,Paid
5204,100000,Free
5206,100000,Free
5207,100000,Free
5208,100000,Free
5209,100000,Free
5210,100000,Free
5211,100000,Free
5212,100000,Free
5213,100000,Free
5214,100000,Free
5215,100000,Free
5216,100000,Free
5217,100000,Free
5218,100000,Free
5219,100000,Free
5220,100000,Free
5221,100000,Free
5222,100000,Free
5223,100000,Free
5224,100000,Free
5225,100000,Free
5226,100000,Free
5227,100000,Free
5228,100000,Free
5230,100000,Free
5231,100000,Free
5232,100000,Free
5233,100000,Free
5234,100000,Free
5235,100000,Free
5236,100000,Free
5237,100000,Free
5239,100000,Free
5240,100000,Free
5241,100000,Free
5242,100000,Free
5243,100000,Free
5244,100000,Free
5245,100000,Free
5246,100000,Free
5247,100000,Free
5248,100000,Free
5249,100000,Free
5250,100000,Free
5251,100000,Free
5252,100000,Free
5253,100000,Free
5254,100000,Free
5255,100000,Free
5256,100000,Free
5257,100000,Free
5258,100000,Free
5259,100000,Free
5260,100000,Free
5261,100000,Free
5262,100000,Free
5263,100000,Free
5264,100000,Free
5265,100000,Free
5266,100000,Free
5267,100000,Free
5268,100000,Free
5269,100000,Free
5270,100000,Free
5271,100000,Free
5274,100000,Free
5275,100000,Free
5276,100000,Free
5277,100000,Free
5278,100000,Free
5279,100000,Paid
5280,100000,Free
5281,100000,Free
5282,100000,Free
5283,100000,Free
5284,100000,Free
5285,100000,Free
5286,100000,Free
5287,100000,Free
5288,100000,Paid
5289,100000,Free
5290,100000,Free
5291,100000,Free
5292,100000,Paid
5293,100000,Free
5294,100000,Free
5296,100000,Free
5297,100000,Free
5298,100000,Free
5299,100000,Free
5300,100000,Free
5301,100000,Free
5302,100000,Free
5303,100000,Free
5304,100000,Free
5305,100000,Free
5306,100000,Free
5307,100000,Free
5309,100000,Free
5310,100000,Free
5311,100000,Free
5312,100000,Free
5313,100000,Free
5314,100000,Free
5315,100000,Free
5316,100000,Free
5317,100000,Free
5319,100000,Free
5320,100000,Free
5321,100000,Free
5322,100000,Free
5323,100000,Free
5324,100000,Free
5325,100000,Free
5326,100000,Free
5327,100000,Free
5328,100000,Free
5329,100000,Free
5330,100000,Free
5331,100000,Free
5332,100000,Free
5333,100000,Paid
5334,100000,Free
5335,100000,Free
5336,100000,Free
5337,100000,Free
5338,100000,Free
5339,100000,Free
5340,100000,Free
5341,100000,Free
5342,100000,Free
5343,100000,Free
5344,100000,Free
5345,100000,Free
5346,100000,Free
5347,100000,Free
5348,100000,Free
5349,100000,Free
5350,100000,Free
5351,100000,Free
5352,100000,Free
5353,100000,Free
5354,100000,Free
5355,100000,Free
5356,100000,Free
5357,100000,Free
5358,100000,Free
5359,100000,Free
5360,100000,Free
5361,100000,Free
5362,100000,Free
5363,100000,Free
5364,100000,Free
5366,100000,Free
5367,100000,Free
5368,100000,Free
5369,100000,Free
5370,100000,Free
5371,100000,Free
5372,100000,Free
5373,100000,Free
5374,100000,Free
5375,100000,Free
5377,100000,Free
5378,100000,Paid
5379,100000,Free
5380,100000,Free
5381,100000,Free
5382,100000,Free
5383,100000,Free
5384,100000,Free
5385,100000,Free
5386,100000,Free
5387,100000,Free
5388,100000,Free
5389,100000,Paid
5390,100000,Free
5391,100000,Free
5392,100000,Free
5393,100000,Free
5394,100000,Free
5395,100000,Free
5396,100000,Free
5397,100000,Free
5398,100000,Free
5399,100000,Free
5400,100000,Free
5401,100000,Free
5402,100000,Paid
5403,100000,Free
5404,100000,Free
5405,100000,Free
5406,100000,Free
5407,100000,Free
5408,100000,Free
5409,100000,Free
5410,100000,Free
5411,100000,Free
5412,100000,Free
5413,100000,Free
5414,100000,Free
5415,100000,Free
5416,100000,Free
5417,100000,Free
5418,100000,Free
5419,100000,Free
5420,100000,Free
5421,100000,Free
5422,100000,Free
5423,100000,Free
5424,100000,Free
5425,100000,Free
5426,100000,Free
5427,100000,Free
5429,100000,Free
5430,100000,Free
5431,100000,Free
5432,100000,Free
5433,100000,Free
5434,100000,Free
5435,100000,Free
5436,100000,Free
5437,100000,Free
5438,100000,Paid
5439,100000,Free
5440,100000,Free
5441,100000,Free
5442,100000,Free
5443,100000,Free
5444,100000,Free
5445,100000,Free
5446,100000,Free
5447,100000,Free
5448,100000,Paid
5449,100000,Free
5450,100000,Free
5452,100000,Free
5453,100000,Free
5454,100000,Free
5455,100000,Free
5456,100000,Free
5457,100000,Free
5458,100000,Free
5460,100000,Free
5461,100000,Free
5462,100000,Free
5463,100000,Free
5464,100000,Free
5465,100000,Free
5466,100000,Free
5467,100000,Free
5468,100000,Free
5469,100000,Free
5470,100000,Free
5471,100000,Free
5472,100000,Free
5473,100000,Free
5474,100000,Free
5475,100000,Free
5476,100000,Free
5477,100000,Paid
5478,100000,Free
5479,100000,Free
5480,100000,Free
5481,100000,Free
5482,100000,Free
5483,100000,Free
5484,100000,Free
5486,100000,Free
5487,100000,Free
5489,100000,Free
5490,100000,Free
5491,100000,Free
5492,100000,Free
5493,100000,Free
5494,100000,Free
5495,100000,Free
5496,100000,Free
5498,100000,Free
5499,100000,Free
5501,100000,Free
5502,100000,Free
5503,100000,Free
5504,100000,Free
5505,100000,Free
5506,100000,Free
5507,100000,Free
5508,100000,Free
5509,100000,Free
5510,100000,Free
5511,100000,Paid
5512,100000,Free
5513,100000,Free
5514,100000,Free
5515,100000,Free
5516,100000,Free
5517,100000,Free
5518,100000,Free
5519,100000,Free
5520,100000,Free
5521,100000,Free
5522,100000,Free
5523,100000,Free
5524,100000,Free
5525,100000,Free
5526,100000,Free
5527,100000,Free
5528,100000,Free
5529,100000,Free
5530,100000,Free
5531,100000,Free
5532,100000,Free
5533,100000,Free
5534,100000,Free
5535,100000,Free
5536,100000,Free
5537,100000,Free
5539,100000,Free
5540,100000,Free
5541,100000,Free
5542,100000,Paid
5544,100000,Free
5547,100000,Free
5548,100000,Free
5549,100000,Free
5550,100000,Free
5551,100000,Free
5553,100000,Free
5554,100000,Free
5555,100000,Free
5556,100000,Free
5557,100000,Free
5558,100000,Free
5559,100000,Free
5561,100000,Free
5562,100000,Free
5563,100000,Free
5564,100000,Free
5565,100000,Free
5566,100000,Free
5567,100000,Free
5568,100000,Free
5569,100000,Free
5570,100000,Free
5571,100000,Free
5572,100000,Free
5573,100000,Free
5575,100000,Free
5576,100000,Paid
5577,100000,Free
5578,100000,Free
5579,100000,Free
5580,100000,Free
5581,100000,Free
5582,100000,Free
5583,100000,Free
5585,100000,Free
5586,100000,Paid
5587,100000,Free
5588,100000,Free
5589,100000,Free
5590,100000,Free
5591,100000,Free
5592,100000,Free
5593,100000,Free
5594,100000,Free
5595,100000,Free
5596,100000,Free
5597,100000,Free
5598,100000,Paid
5599,100000,Free
5600,100000,Paid
5601,100000,Free
5602,100000,Free
5603,100000,Free
5604,100000,Free
5605,100000,Free
5606,100000,Free
5607,100000,Free
5608,100000,Free
5609,100000,Free
5610,100000,Free
5611,100000,Free
5612,100000,Free
5613,100000,Paid
5614,100000,Free
5615,100000,Free
5616,100000,Free
5617,100000,Free
5618,100000,Free
5619,100000,Free
5620,100000,Free
5621,100000,Free
5622,100000,Free
5623,100000,Free
5624,100000,Free
5625,100000,Free
5626,100000,Free
5627,100000,Free
5628,100000,Free
5629,100000,Free
5630,100000,Free
5631,100000,Free
5632,100000,Free
5633,100000,Paid
5634,100000,Free
5635,100000,Free
5637,100000,Free
5638,100000,Free
5639,100000,Free
5640,100000,Free
5641,100000,Free
5642,100000,Free
5643,100000,Free
5644,100000,Free
5645,100000,Free
5646,100000,Free
5647,100000,Free
5648,100000,Free
5649,100000,Free
5650,100000,Free
5651,100000,Free
5652,100000,Free
5653,100000,Free
5654,100000,Free
5655,100000,Free
5656,100000,Free
5657,100000,Free
5658,100000,Free
5659,100000,Free
5660,100000,Free
5661,100000,Paid
5662,100000,Paid
5663,100000,Free
5664,100000,Free
5665,100000,Free
5666,100000,Free
5667,100000,Free
5668,100000,Free
5669,100000,Free
5670,100000,Free
5671,100000,Free
5672,100000,Free
5673,100000,Free
5674,100000,Free
5676,100000,Free
5678,100000,Free
5679,100000,Free
5680,100000,Free
5681,100000,Paid
5682,100000,Free
5683,100000,Free
5684,100000,Free
5685,100000,Free
5687,100000,Free
5688,100000,Free
5689,100000,Paid
5690,100000,Free
5691,100000,Free
5692,100000,Free
5693,100000,Free
5694,100000,Free
5695,100000,Free
5696,100000,Free
5697,100000,Free
5698,100000,Free
5699,100000,Free
5700,100000,Free
5701,100000,Free
5702,100000,Free
5703,100000,Free
5704,100000,Free
5705,100000,Free
5706,100000,Free
5707,100000,Free
5708,100000,Free
5709,100000,Free
5710,100000,Paid
5711,100000,Free
5712,100000,Free
5713,100000,Free
5714,100000,Free
5715,100000,Free
5716,100000,Free
5717,100000,Free
5718,100000,Free
5719,100000,Free
5720,100000,Free
5721,100000,Free
5722,100000,Free
5723,100000,Free
5724,100000,Free
5725,100000,Free
5726,100000,Free
5727,100000,Free
5728,100000,Free
5729,100000,Free
5730,100000,Free
5731,100000,Free
5732,100000,Free
5733,100000,Free
5734,100000,Free
5735,100000,Free
5736,100000,Free
5737,100000,Free
5738,100000,Free
5739,100000,Free
5740,100000,Free
5741,100000,Free
5742,100000,Free
5743,100000,Free
5744,100000,Free
5745,100000,Free
5746,100000,Free
5747,100000,Free
5748,100000,Free
5749,100000,Free
5750,100000,Free
5751,100000,Paid
5752,100000,Free
5753,100000,Paid
5754,100000,Free
5755,100000,Free
5756,100000,Free
5757,100000,Free
5758,100000,Free
5759,100000,Free
5760,100000,Free
5761,100000,Free
5762,100000,Free
5763,100000,Free
5764,100000,Free
5765,100000,Paid
5766,100000,Free
5767,100000,Free
5768,100000,Free
5769,100000,Free
5770,100000,Free
5771,100000,Free
5772,100000,Free
5773,100000,Free
5774,100000,Free
5775,100000,Free
5776,100000,Free
5777,100000,Free
5778,100000,Free
5779,100000,Free
5780,100000,Free
5781,100000,Free
5782,100000,Free
5783,100000,Free
5784,100000,Free
5785,100000,Free
5786,100000,Free
5787,100000,Free
5788,100000,Free
5789,100000,Free
5790,100000,Paid
5791,100000,Free
5792,100000,Free
5793,100000,Free
5794,100000,Free
5795,100000,Free
5796,100000,Free
5797,100000,Free
5798,100000,Paid
5799,100000,Paid
5800,100000,Free
5802,100000,Free
5803,100000,Free
5804,100000,Free
5805,100000,Free
5806,100000,Free
5807,100000,Free
5808,100000,Paid
5809,100000,Free
5810,100000,Free
5811,100000,Free
5812,100000,Free
5815,100000,Free
5816,100000,Free
5817,100000,Free
5818,100000,Free
5819,100000,Free
5820,100000,Free
5822,100000,Free
5823,100000,Free
5824,100000,Free
5825,100000,Free
5826,100000,Free
5827,100000,Free
5828,100000,Free
5829,100000,Free
5830,100000,Free
5831,100000,Free
5832,100000,Free
5833,100000,Free
5834,100000,Free
5835,100000,Free
5836,100000,Free
5837,100000,Paid
5838,100000,Free
5839,100000,Free
5841,100000,Free
5842,100000,Free
5843,100000,Free
5844,100000,Free
5847,100000,Free
5848,100000,Paid
5849,100000,Free
5850,100000,Free
5851,100000,Free
5852,100000,Free
5853,100000,Paid
5854,100000,Free
5855,100000,Free
5856,100000,Free
5857,100000,Free
5858,100000,Free
5859,100000,Paid
5860,100000,Free
5861,100000,Free
5863,100000,Free
5864,100000,Free
5865,100000,Free
5866,100000,Free
5867,100000,Free
5868,100000,Free
5869,100000,Free
5870,100000,Free
5871,100000,Free
5872,100000,Free
5873,100000,Free
5874,100000,Free
5875,100000,Free
5876,100000,Free
5877,100000,Free
5878,100000,Free
5879,100000,Free
5880,100000,Free
5881,100000,Free
5882,100000,Free
5883,100000,Free
5884,100000,Free
5885,100000,Free
5886,100000,Free
5887,100000,Paid
5888,100000,Free
5889,100000,Free
5890,100000,Free
5891,500000,Free
5892,500000,Free
5894,500000,Free
5896,500000,Free
5897,500000,Free
5898,500000,Free
5899,500000,Free
5900,500000,Free
5901,500000,Free
5902,500000,Free
5903,500000,Free
5904,500000,Free
5906,500000,Free
5907,500000,Free
5908,500000,Paid
5909,500000,Free
5910,500000,Free
5913,500000,Free
5914,500000,Free
5915,500000,Free
5916,500000,Free
5917,500000,Free
5918,500000,Free
5919,500000,Free
5920,500000,Free
5921,500000,Free
5923,500000,Free
5924,500000,Free
5925,500000,Free
5926,500000,Free
5927,500000,Free
5928,500000,Paid
5929,500000,Free
5930,500000,Free
5931,500000,Free
5932,500000,Free
5933,500000,Free
5934,500000,Free
5935,500000,Free
5936,500000,Free
5938,500000,Free
5940,500000,Free
5941,500000,Free
5942,500000,Free
5944,500000,Free
5945,500000,Free
5946,500000,Free
5947,500000,Free
5948,500000,Free
5950,500000,Free
5951,500000,Free
5953,500000,Free
5954,500000,Free
5955,500000,Free
5956,500000,Free
5957,500000,Free
5958,500000,Free
5959,500000,Free
5960,500000,Free
5961,500000,Free
5962,500000,Free
5963,500000,Free
5964,500000,Free
5965,500000,Free
5966,500000,Free
5967,500000,Free
5968,500000,Free
5969,500000,Free
5970,500000,Free
5971,500000,Free
5972,500000,Free
5973,500000,Free
5974,500000,Free
5975,500000,Free
5976,500000,Free
5977,500000,Free
5978,500000,Free
5979,500000,Free
5980,500000,Free
5981,500000,Free
5982,500000,Free
5983,500000,Free
5984,500000,Free
5985,500000,Free
5986,500000,Free
5988,500000,Free
5989,500000,Free
5990,500000,Free
5991,500000,Free
5992,500000,Free
5994,500000,Free
5995,500000,Free
5996,500000,Free
5997,500000,Paid
5998,500000,Free
6000,500000,Free
6001,500000,Free
6002,500000,Free
6003,500000,Free
6004,500000,Free
6005,500000,Free
6006,500000,Free
6007,500000,Free
6008,500000,Free
6009,500000,Free
6010,500000,Free
6011,500000,Free
6012,500000,Free
6013,500000,Free
6014,500000,Free
6015,500000,Free
6016,500000,Free
6017,500000,Free
6018,500000,Free
6019,500000,Free
6020,500000,Free
6021,500000,Free
6022,500000,Free
6023,500000,Paid
6024,500000,Free
6025,500000,Free
6027,500000,Free
6028,500000,Free
6029,500000,Free
6032,500000,Free
6034,500000,Free
6035,500000,Free
6036,500000,Free
6037,500000,Free
6038,500000,Free
6040,500000,Free
6041,500000,Free
6042,500000,Free
6043,500000,Free
6044,500000,Free
6045,500000,Free
6046,500000,Free
6048,500000,Free
6049,500000,Free
6050,500000,Free
6051,500000,Free
6052,500000,Free
6053,500000,Free
6054,500000,Free
6055,500000,Free
6056,500000,Free
6058,500000,Free
6059,500000,Free
6060,500000,Free
6061,500000,Free
6062,500000,Free
6063,500000,Free
6064,500000,Free
6065,500000,Free
6066,500000,Free
6068,500000,Free
6069,500000,Free
6070,500000,Free
6071,500000,Free
6072,500000,Free
6073,500000,Free
6074,500000,Free
6075,500000,Free
6076,500000,Free
6077,500000,Free
6078,500000,Free
6079,500000,Free
6080,500000,Free
6081,500000,Free
6082,500000,Paid
6083,500000,Free
6084,500000,Free
6085,500000,Free
6086,500000,Free
6087,500000,Free
6088,500000,Free
6089,500000,Free
6090,500000,Free
6091,500000,Free
6092,500000,Free
6093,500000,Free
6094,500000,Free
6095,500000,Free
6096,500000,Free
6097,500000,Free
6098,500000,Free
6099,500000,Free
6100,500000,Free
6101,500000,Free
6102,500000,Free
6103,500000,Free
6104,500000,Free
6106,500000,Free
6107,500000,Free
6108,500000,Free
6109,500000,Free
6110,500000,Free
6111,500000,Free
6112,500000,Free
6113,500000,Free
6114,500000,Free
6115,500000,Free
6116,500000,Free
6117,500000,Free
6118,500000,Free
6119,500000,Free
6120,500000,Free
6121,500000,Free
6122,500000,Free
6123,500000,Free
6124,500000,Free
6125,500000,Free
6126,500000,Free
6127,500000,Free
6128,500000,Free
6129,500000,Free
6130,500000,Free
6131,500000,Free
6132,500000,Free
6133,500000,Free
6134,500000,Free
6135,500000,Free
6136,500000,Free
6137,500000,Free
6138,500000,Free
6139,500000,Paid
6140,500000,Free
6142,500000,Free
6143,500000,Free
6144,500000,Free
6145,500000,Free
6146,500000,Free
6147,500000,Free
6148,500000,Free
6149,500000,Free
6150,500000,Free
6151,500000,Free
6152,500000,Free
6153,500000,Free
6154,500000,Free
6155,500000,Free
6156,500000,Free
6157,500000,Free
6159,500000,Free
6160,500000,Free
6161,500000,Free
6162,500000,Free
6163,500000,Free
6164,500000,Free
6165,500000,Free
6166,500000,Free
6167,500000,Free
6168,500000,Free
6169,500000,Free
6170,500000,Free
6171,500000,Free
6172,500000,Free
6173,500000,Free
6174,500000,Free
6175,500000,Free
6176,500000,Free
6177,500000,Free
6178,500000,Free
6179,500000,Free
6180,500000,Free
6181,500000,Free
6182,500000,Free
6183,500000,Free
6184,500000,Free
6185,500000,Free
6186,500000,Free
6190,500000,Free
6191,500000,Free
6192,500000,Free
6193,500000,Free
6195,500000,Free
6196,500000,Free
6197,500000,Free
6198,500000,Free
6199,500000,Free
6200,500000,Free
6201,500000,Free
6202,500000,Free
6203,500000,Free
6204,500000,Free
6205,500000,Free
6206,500000,Free
6207,500000,Free
6208,500000,Free
6209,500000,Free
6210,500000,Free
6211,500000,Free
6212,500000,Free
6213,500000,Free
6214,500000,Free
6215,500000,Free
6216,500000,Free
6217,500000,Free
6218,500000,Free
6219,500000,Free
6220,500000,Free
6221,500000,Paid
6222,500000,Free
6223,500000,Free
6224,500000,Free
6225,500000,Free
6227,500000,Free
6228,500000,Free
6229,500000,Free
6230,500000,Free
6231,500000,Free
6232,500000,Free
6233,500000,Free
6234,500000,Free
6235,500000,Free
6236,500000,Free
6237,500000,Free
6238,500000,Free
6239,500000,Free
6240,500000,Free
6241,500000,Free
6242,500000,Free
6243,500000,Free
6244,500000,Free
6245,500000,Free
6246,500000,Free
6247,500000,Free
6248,500000,Free
6249,500000,Free
6250,500000,Free
6251,500000,Free
6252,500000,Free
6254,500000,Free
6255,500000,Free
6256,500000,Free
6257,500000,Free
6258,500000,Free
6259,500000,Free
6260,500000,Free
6261,500000,Free
6262,500000,Free
6263,500000,Free
6264,500000,Free
6265,500000,Free
6266,500000,Free
6267,500000,Free
6268,500000,Free
6269,500000,Free
6270,500000,Free
6271,500000,Free
6272,500000,Free
6273,500000,Free
6274,500000,Free
6275,500000,Free
6276,500000,Free
6277,500000,Free
6278,500000,Free
6279,500000,Free
6280,500000,Free
6281,500000,Free
6282,500000,Free
6283,500000,Free
6284,500000,Free
6285,500000,Free
6286,500000,Free
6287,500000,Free
6288,500000,Free
6289,500000,Free
6290,500000,Free
6291,500000,Free
6292,500000,Free
6293,500000,Free
6294,500000,Free
6295,500000,Free
6296,500000,Free
6297,500000,Free
6298,500000,Free
6299,500000,Free
6300,500000,Free
6301,500000,Free
6302,500000,Free
6303,500000,Free
6304,500000,Free
6305,500000,Free
6306,500000,Free
6307,500000,Free
6308,500000,Free
6309,500000,Free
6310,500000,Free
6311,500000,Free
6312,500000,Free
6313,500000,Free
6314,500000,Free
6315,500000,Free
6316,500000,Free
6317,500000,Free
6318,500000,Free
6320,500000,Free
6321,500000,Free
6322,500000,Free
6323,500000,Free
6324,500000,Free
6325,500000,Free
6326,500000,Free
6327,500000,Free
6328,500000,Free
6329,500000,Free
6330,500000,Free
6331,500000,Free
6332,500000,Free
6333,500000,Free
6334,500000,Free
6336,500000,Free
6337,500000,Free
6338,500000,Free
6339,500000,Free
6340,500000,Free
6341,500000,Free
6342,500000,Free
6343,500000,Free
6344,500000,Free
6345,500000,Free
6346,500000,Free
6347,500000,Free
6348,500000,Free
6349,500000,Free
6350,500000,Free
6351,500000,Free
6352,500000,Free
6353,500000,Free
6354,500000,Free
6355,500000,Free
6356,500000,Free
6357,500000,Free
6358,500000,Free
6359,500000,Free
6360,500000,Free
6361,500000,Free
6362,500000,Free
6363,500000,Free
6364,500000,Paid
6365,500000,Free
6366,500000,Free
6367,500000,Free
6368,500000,Free
6369,500000,Free
6370,500000,Free
6372,500000,Free
6373,500000,Free
6374,500000,Free
6375,500000,Free
6376,500000,Free
6377,500000,Free
6378,500000,Free
6379,500000,Free
6380,500000,Free
6381,500000,Free
6382,500000,Free
6383,500000,Free
6384,500000,Free
6385,500000,Free
6386,500000,Free
6388,500000,Paid
6389,500000,Free
6390,500000,Free
6391,500000,Free
6392,500000,Free
6393,500000,Free
6394,500000,Free
6395,500000,Free
6396,500000,Free
6397,500000,Free
6398,500000,Free
6399,500000,Free
6400,500000,Free
6401,500000,Free
6402,500000,Free
6403,500000,Free
6404,500000,Free
6405,500000,Free
6406,500000,Paid
6407,500000,Free
6408,500000,Free
6409,500000,Free
6410,500000,Free
6411,500000,Free
6412,500000,Free
6413,500000,Free
6414,500000,Free
6415,500000,Free
6416,500000,Free
6417,500000,Free
6418,500000,Free
6419,500000,Free
6420,500000,Free
6421,500000,Free
6422,500000,Free
6423,500000,Free
6424,500000,Free
6425,500000,Free
6426,500000,Free
6427,500000,Free
6428,500000,Free
6429,500000,Paid
6430,1000000,Free
6431,1000000,Free
6432,1000000,Free
6434,1000000,Free
6435,1000000,Free
6436,1000000,Free
6437,1000000,Free
6438,1000000,Free
6442,1000000,Free
6448,1000000,Free
6450,1000000,Free
6452,1000000,Free
6453,1000000,Free
6454,1000000,Free
6455,1000000,Free
6456,1000000,Free
6457,1000000,Free
6458,1000000,Free
6459,1000000,Free
6461,1000000,Free
6462,1000000,Free
6463,1000000,Free
6464,1000000,Free
6465,1000000,Free
6466,1000000,Free
6467,1000000,Free
6470,1000000,Free
6471,1000000,Free
6472,1000000,Free
6473,1000000,Free
6474,1000000,Free
6476,1000000,Free
6477,1000000,Free
6478,1000000,Free
6479,1000000,Free
6480,1000000,Free
6482,1000000,Free
6483,1000000,Free
6484,1000000,Free
6485,1000000,Free
6486,1000000,Free
6487,1000000,Free
6489,1000000,Free
6490,1000000,Free
6491,1000000,Free
6492,1000000,Free
6493,1000000,Free
6494,1000000,Free
6495,1000000,Free
6496,1000000,Paid
6497,1000000,Free
6500,1000000,Free
6501,1000000,Free
6502,1000000,Free
6503,1000000,Free
6505,1000000,Free
6506,1000000,Free
6507,1000000,Free
6508,1000000,Free
6509,1000000,Free
6510,1000000,Free
6511,1000000,Free
6512,1000000,Free
6513,1000000,Free
6514,1000000,Free
6515,1000000,Free
6516,1000000,Free
6517,1000000,Free
6518,1000000,Free
6521,1000000,Free
6522,1000000,Free
6523,1000000,Free
6524,1000000,Free
6525,1000000,Free
6526,1000000,Free
6527,1000000,Free
6528,1000000,Free
6529,1000000,Free
6530,1000000,Free
6532,1000000,Free
6533,1000000,Free
6534,1000000,Free
6535,1000000,Free
6536,1000000,Free
6537,1000000,Free
6538,1000000,Free
6539,1000000,Free
6540,1000000,Free
6541,1000000,Free
6542,1000000,Free
6545,1000000,Free
6546,1000000,Free
6547,1000000,Free
6548,1000000,Paid
6549,1000000,Free
6550,1000000,Free
6551,1000000,Free
6552,1000000,Free
6553,1000000,Free
6555,1000000,Free
6556,1000000,Free
6557,1000000,Free
6558,1000000,Free
6559,1000000,Free
6560,1000000,Free
6561,1000000,Free
6562,1000000,Free
6563,1000000,Free
6564,1000000,Free
6566,1000000,Free
6567,1000000,Free
6568,1000000,Free
6569,1000000,Free
6570,1000000,Free
6572,1000000,Free
6573,1000000,Free
6574,1000000,Free
6575,1000000,Free
6576,1000000,Free
6577,1000000,Free
6578,1000000,Free
6579,1000000,Free
6580,1000000,Free
6581,1000000,Free
6582,1000000,Free
6584,1000000,Free
6585,1000000,Free
6586,1000000,Free
6587,1000000,Free
6588,1000000,Free
6589,1000000,Free
6590,1000000,Free
6592,1000000,Free
6593,1000000,Free
6594,1000000,Paid
6595,1000000,Free
6596,1000000,Free
6597,1000000,Free
6598,1000000,Free
6599,1000000,Free
6602,1000000,Free
6603,1000000,Free
6604,1000000,Free
6605,1000000,Free
6606,1000000,Free
6609,1000000,Free
6610,1000000,Free
6611,1000000,Free
6612,1000000,Free
6613,1000000,Free
6614,1000000,Free
6615,1000000,Free
6616,1000000,Free
6617,1000000,Free
6618,1000000,Free
6619,1000000,Free
6620,1000000,Free
6621,1000000,Free
6622,1000000,Free
6623,1000000,Free
6625,1000000,Free
6626,1000000,Free
6627,1000000,Free
6628,1000000,Free
6629,1000000,Free
6630,1000000,Free
6631,1000000,Free
6632,1000000,Free
6633,1000000,Free
6634,1000000,Free
6635,1000000,Free
6636,1000000,Free
6637,1000000,Free
6638,1000000,Free
6639,1000000,Free
6640,1000000,Free
6641,1000000,Free
6642,1000000,Free
6643,1000000,Free
6644,1000000,Free
6645,1000000,Free
6646,1000000,Free
6647,1000000,Free
6648,1000000,Free
6649,1000000,Free
6650,1000000,Free
6651,1000000,Free
6652,1000000,Free
6653,1000000,Free
6654,1000000,Free
6655,1000000,Free
6656,1000000,Free
6657,1000000,Free
6658,1000000,Free
6659,1000000,Free
6660,1000000,Free
6663,1000000,Free
6664,1000000,Free
6665,1000000,Free
6666,1000000,Free
6667,1000000,Free
6668,1000000,Free
6669,1000000,Free
6670,1000000,Free
6671,1000000,Free
6672,1000000,Free
6673,1000000,Free
6674,1000000,Free
6675,1000000,Free
6676,1000000,Free
6677,1000000,Free
6680,1000000,Free
6681,1000000,Free
6684,1000000,Free
6685,1000000,Free
6686,1000000,Free
6687,1000000,Free
6688,1000000,Free
6689,1000000,Free
6690,1000000,Free
6691,1000000,Free
6692,1000000,Free
6694,1000000,Free
6695,1000000,Free
6696,1000000,Free
6697,1000000,Free
6698,1000000,Free
6699,1000000,Free
6700,1000000,Free
6701,1000000,Free
6702,1000000,Free
6704,1000000,Free
6705,1000000,Free
6706,1000000,Free
6707,1000000,Free
6708,1000000,Free
6709,1000000,Free
6710,1000000,Free
6711,1000000,Free
6712,1000000,Free
6713,1000000,Free
6714,1000000,Free
6715,1000000,Free
6716,1000000,Free
6717,1000000,Free
6718,1000000,Free
6719,1000000,Free
6720,1000000,Free
6721,1000000,Free
6722,1000000,Free
6723,1000000,Free
6724,1000000,Free
6725,1000000,Free
6726,1000000,Free
6727,1000000,Free
6728,1000000,Free
6729,1000000,Free
6730,1000000,Free
6731,1000000,Free
6732,1000000,Free
6733,1000000,Free
6734,1000000,Free
6735,1000000,Free
6736,1000000,Free
6737,1000000,Free
6738,1000000,Free
6739,1000000,Free
6740,1000000,Free
6741,1000000,Free
6742,1000000,Free
6743,1000000,Free
6744,1000000,Free
6746,1000000,Paid
6747,1000000,Free
6748,1000000,Free
6749,1000000,Free
6750,1000000,Free
6752,1000000,Free
6753,1000000,Free
6754,1000000,Free
6755,1000000,Free
6756,1000000,Free
6757,1000000,Free
6758,1000000,Free
6759,1000000,Free
6760,1000000,Free
6762,1000000,Free
6763,1000000,Free
6764,1000000,Free
6765,1000000,Free
6766,1000000,Free
6767,1000000,Free
6768,1000000,Free
6769,1000000,Free
6770,1000000,Free
6771,1000000,Free
6773,1000000,Free
6774,1000000,Free
6775,1000000,Free
6776,1000000,Free
6777,1000000,Free
6778,1000000,Free
6779,1000000,Free
6780,1000000,Free
6781,1000000,Free
6782,1000000,Free
6783,1000000,Free
6784,1000000,Free
6785,1000000,Free
6787,1000000,Free
6788,1000000,Free
6789,1000000,Free
6790,1000000,Free
6791,1000000,Free
6792,1000000,Free
6793,1000000,Free
6794,1000000,Free
6795,1000000,Free
6796,1000000,Free
6797,1000000,Free
6798,1000000,Free
6799,1000000,Free
6800,1000000,Free
6801,1000000,Free
6802,1000000,Free
6803,1000000,Free
6804,1000000,Free
6805,1000000,Free
6806,1000000,Free
6807,1000000,Free
6808,1000000,Free
6809,1000000,Free
6810,1000000,Free
6811,1000000,Free
6812,1000000,Free
6813,1000000,Free
6814,1000000,Free
6815,1000000,Free
6816,1000000,Free
6817,1000000,Free
6818,1000000,Free
6819,1000000,Free
6820,1000000,Free
6821,1000000,Free
6822,1000000,Free
6823,1000000,Free
6824,1000000,Free
6825,1000000,Free
6826,1000000,Free
6827,1000000,Free
6828,1000000,Free
6829,1000000,Free
6830,1000000,Free
6831,1000000,Free
6832,1000000,Free
6833,1000000,Free
6834,1000000,Free
6835,1000000,Free
6836,1000000,Free
6841,1000000,Free
6842,1000000,Free
6843,1000000,Free
6845,1000000,Free
6846,1000000,Free
6848,1000000,Free
6849,1000000,Free
6850,1000000,Free
6851,1000000,Free
6852,1000000,Free
6853,1000000,Free
6854,1000000,Free
6855,1000000,Free
6856,1000000,Paid
6857,1000000,Free
6859,1000000,Free
6860,1000000,Free
6861,1000000,Free
6862,1000000,Free
6864,1000000,Free
6865,1000000,Free
6866,1000000,Free
6868,1000000,Free
6869,1000000,Free
6870,1000000,Free
6871,1000000,Free
6872,1000000,Free
6873,1000000,Free
6874,1000000,Free
6875,1000000,Free
6876,1000000,Free
6877,1000000,Free
6878,1000000,Free
6881,1000000,Free
6882,1000000,Free
6883,1000000,Free
6884,1000000,Free
6885,1000000,Free
6886,1000000,Free
6887,1000000,Free
6888,1000000,Free
6889,1000000,Free
6890,1000000,Free
6891,1000000,Free
6892,1000000,Free
6893,1000000,Free
6894,1000000,Free
6895,1000000,Free
6896,1000000,Free
6897,1000000,Free
6900,1000000,Free
6902,1000000,Free
6904,1000000,Free
6905,1000000,Free
6906,1000000,Free
6907,1000000,Free
6908,1000000,Free
6909,1000000,Free
6910,1000000,Free
6911,1000000,Free
6912,1000000,Free
6913,1000000,Free
6915,1000000,Free
6916,1000000,Free
6917,1000000,Free
6918,1000000,Free
6919,1000000,Free
6920,1000000,Free
6921,1000000,Free
6922,1000000,Free
6924,1000000,Free
6925,1000000,Free
6927,1000000,Free
6928,1000000,Free
6929,1000000,Free
6930,1000000,Free
6931,1000000,Free
6932,1000000,Free
6933,1000000,Free
6934,1000000,Free
6935,1000000,Free
6936,1000000,Free
6937,1000000,Free
6941,1000000,Free
6942,1000000,Free
6943,1000000,Free
6944,1000000,Free
6945,1000000,Free
6946,1000000,Free
6947,1000000,Free
6948,1000000,Free
6949,1000000,Free
6950,1000000,Free
6951,1000000,Free
6952,1000000,Free
6953,1000000,Free
6954,1000000,Free
6955,1000000,Free
6956,1000000,Free
6957,1000000,Free
6958,1000000,Free
6959,1000000,Free
6960,1000000,Free
6961,1000000,Free
6962,1000000,Free
6963,1000000,Free
6964,1000000,Free
6967,1000000,Free
6968,1000000,Free
6969,1000000,Free
6970,1000000,Free
6971,1000000,Free
6972,1000000,Free
6973,1000000,Free
6974,1000000,Free
6975,1000000,Free
6978,1000000,Free
6979,1000000,Free
6980,1000000,Free
6981,1000000,Free
6982,1000000,Free
6983,1000000,Free
6984,1000000,Free
6985,1000000,Free
6986,1000000,Free
6987,1000000,Free
6988,1000000,Free
6989,1000000,Free
6990,1000000,Free
6991,1000000,Free
6992,1000000,Free
6993,1000000,Free
6994,1000000,Free
6995,1000000,Free
6997,1000000,Free
6998,1000000,Free
6999,1000000,Free
7002,1000000,Free
7003,1000000,Free
7004,1000000,Free
7005,1000000,Free
7007,1000000,Free
7008,1000000,Free
7009,1000000,Free
7010,1000000,Free
7011,1000000,Free
7012,1000000,Free
7013,1000000,Free
7014,1000000,Free
7015,1000000,Free
7016,1000000,Free
7017,1000000,Free
7018,1000000,Free
7019,1000000,Free
7020,1000000,Free
7023,1000000,Free
7024,1000000,Free
7025,1000000,Free
7026,1000000,Free
7027,1000000,Free
7028,1000000,Free
7029,1000000,Free
7030,1000000,Free
7031,1000000,Free
7033,1000000,Free
7034,1000000,Free
7036,1000000,Free
7037,1000000,Free
7038,1000000,Free
7039,1000000,Free
7040,1000000,Free
7041,1000000,Free
7042,1000000,Free
7043,1000000,Free
7044,1000000,Paid
7045,1000000,Free
7046,1000000,Free
7047,1000000,Free
7048,1000000,Free
7049,1000000,Free
7050,1000000,Free
7051,1000000,Free
7052,1000000,Free
7053,1000000,Free
7054,1000000,Free
7055,1000000,Free
7056,1000000,Free
7059,1000000,Free
7060,1000000,Free
7061,1000000,Free
7062,1000000,Free
7063,1000000,Free
7064,1000000,Free
7065,1000000,Free
7066,1000000,Free
7067,1000000,Free
7068,1000000,Free
7069,1000000,Free
7070,1000000,Free
7071,1000000,Free
7072,1000000,Free
7073,1000000,Free
7074,1000000,Free
7075,1000000,Free
7076,1000000,Free
7077,1000000,Free
7078,1000000,Free
7079,1000000,Free
7080,1000000,Free
7081,1000000,Free
7082,1000000,Free
7083,1000000,Free
7084,1000000,Free
7085,1000000,Free
7086,1000000,Free
7088,1000000,Free
7089,1000000,Free
7090,1000000,Free
7091,1000000,Free
7092,1000000,Free
7093,1000000,Free
7094,1000000,Free
7095,1000000,Free
7096,1000000,Free
7097,1000000,Free
7098,1000000,Free
7099,1000000,Free
7100,1000000,Free
7101,1000000,Free
7103,1000000,Free
7104,1000000,Free
7105,1000000,Free
7107,1000000,Free
7108,1000000,Free
7109,1000000,Free
7110,1000000,Free
7111,1000000,Free
7112,1000000,Free
7113,1000000,Free
7114,1000000,Free
7115,1000000,Free
7116,1000000,Free
7117,1000000,Free
7118,1000000,Free
7119,1000000,Free
7120,1000000,Free
7122,1000000,Free
7123,1000000,Free
7124,1000000,Free
7126,1000000,Free
7127,1000000,Free
7128,1000000,Free
7130,1000000,Free
7131,1000000,Free
7132,1000000,Free
7133,1000000,Free
7134,1000000,Free
7135,1000000,Free
7136,1000000,Free
7137,1000000,Free
7138,1000000,Free
7139,1000000,Free
7140,1000000,Free
7141,1000000,Free
7142,1000000,Free
7143,1000000,Free
7144,1000000,Free
7145,1000000,Free
7146,1000000,Free
7147,1000000,Free
7148,1000000,Free
7149,1000000,Free
7150,1000000,Free
7151,1000000,Paid
7152,1000000,Free
7153,1000000,Free
7154,1000000,Free
7155,1000000,Free
7156,1000000,Free
7157,1000000,Free
7158,1000000,Free
7160,1000000,Free
7161,1000000,Paid
7163,1000000,Free
7164,1000000,Free
7165,1000000,Free
7166,1000000,Free
7167,1000000,Free
7170,1000000,Free
7171,1000000,Free
7172,1000000,Free
7173,1000000,Free
7174,1000000,Free
7176,1000000,Free
7177,1000000,Free
7178,1000000,Free
7179,1000000,Free
7180,1000000,Free
7181,1000000,Free
7182,1000000,Free
7183,1000000,Free
7184,1000000,Free
7185,1000000,Free
7186,1000000,Free
7187,1000000,Free
7188,1000000,Free
7189,1000000,Free
7191,1000000,Free
7192,1000000,Free
7193,1000000,Free
7194,1000000,Free
7195,1000000,Free
7196,1000000,Free
7197,1000000,Free
7198,1000000,Free
7199,1000000,Free
7200,1000000,Free
7201,1000000,Free
7202,1000000,Free
7203,1000000,Free
7204,1000000,Free
7205,1000000,Free
7206,1000000,Free
7207,1000000,Free
7208,1000000,Free
7209,1000000,Free
7210,1000000,Free
7211,1000000,Free
7212,1000000,Free
7213,1000000,Free
7214,1000000,Free
7215,1000000,Free
7216,1000000,Free
7217,1000000,Free
7218,1000000,Free
7219,1000000,Free
7220,1000000,Free
7221,1000000,Free
7222,1000000,Free
7223,1000000,Free
7224,1000000,Free
7225,1000000,Free
7227,1000000,Free
7228,1000000,Free
7229,1000000,Free
7230,1000000,Free
7231,1000000,Free
7232,1000000,Free
7233,1000000,Free
7234,1000000,Free
7235,1000000,Free
7236,1000000,Free
7237,1000000,Free
7238,1000000,Free
7239,1000000,Free
7240,1000000,Free
7241,1000000,Free
7243,1000000,Free
7244,1000000,Free
7245,1000000,Free
7246,1000000,Free
7247,1000000,Free
7248,1000000,Free
7249,1000000,Free
7250,1000000,Free
7251,1000000,Free
7252,1000000,Free
7253,1000000,Free
7254,1000000,Free
7256,1000000,Free
7257,1000000,Free
7258,1000000,Free
7259,1000000,Free
7260,1000000,Free
7261,1000000,Free
7262,1000000,Free
7263,1000000,Free
7264,1000000,Free
7265,1000000,Free
7266,1000000,Free
7267,1000000,Free
7268,1000000,Free
7269,1000000,Free
7270,1000000,Free
7271,1000000,Free
7272,1000000,Free
7273,1000000,Free
7274,1000000,Free
7275,1000000,Free
7276,1000000,Free
7277,1000000,Free
7279,1000000,Free
7280,1000000,Free
7281,1000000,Free
7282,1000000,Free
7283,1000000,Free
7284,1000000,Free
7285,1000000,Free
7286,1000000,Free
7287,1000000,Free
7288,1000000,Free
7290,1000000,Free
7291,1000000,Free
7292,1000000,Free
7293,1000000,Free
7294,1000000,Free
7295,1000000,Free
7296,1000000,Free
7297,1000000,Free
7298,1000000,Free
7299,1000000,Free
7300,1000000,Free
7302,1000000,Free
7303,1000000,Free
7304,1000000,Free
7305,1000000,Free
7306,1000000,Free
7307,1000000,Free
7308,1000000,Free
7309,1000000,Free
7310,1000000,Free
7311,1000000,Free
7312,1000000,Free
7313,1000000,Free
7314,1000000,Free
7315,1000000,Free
7316,1000000,Free
7317,1000000,Free
7318,1000000,Free
7319,1000000,Free
7320,1000000,Free
7321,1000000,Free
7322,1000000,Free
7323,1000000,Free
7324,1000000,Free
7325,1000000,Free
7326,1000000,Free
7327,1000000,Free
7328,1000000,Free
7329,1000000,Free
7330,1000000,Free
7331,1000000,Free
7332,1000000,Free
7333,1000000,Free
7334,1000000,Free
7335,1000000,Free
7336,1000000,Free
7337,1000000,Free
7338,1000000,Free
7340,1000000,Free
7341,1000000,Free
7342,1000000,Free
7343,1000000,Free
7344,1000000,Free
7345,1000000,Free
7347,1000000,Free
7348,1000000,Free
7349,1000000,Free
7350,1000000,Free
7351,1000000,Free
7352,1000000,Free
7353,1000000,Free
7354,1000000,Free
7355,1000000,Free
7356,1000000,Free
7359,1000000,Free
7360,1000000,Free
7361,1000000,Free
7363,1000000,Free
7365,1000000,Free
7366,1000000,Free
7367,1000000,Free
7370,1000000,Free
7371,1000000,Free
7372,1000000,Free
7374,1000000,Free
7375,1000000,Free
7376,1000000,Free
7377,1000000,Free
7378,1000000,Free
7379,1000000,Free
7380,1000000,Free
7381,1000000,Free
7382,1000000,Free
7383,1000000,Free
7384,1000000,Free
7385,1000000,Free
7387,1000000,Free
7388,1000000,Free
7389,1000000,Free
7390,1000000,Free
7391,1000000,Free
7392,1000000,Free
7393,1000000,Free
7394,1000000,Free
7395,1000000,Free
7396,1000000,Free
7397,1000000,Free
7398,1000000,Free
7399,1000000,Free
7400,1000000,Free
7401,1000000,Free
7403,1000000,Free
7404,1000000,Free
7405,1000000,Free
7406,1000000,Free
7407,1000000,Free
7408,1000000,Free
7409,1000000,Free
7410,1000000,Free
7411,1000000,Free
7412,1000000,Free
7413,1000000,Free
7414,1000000,Free
7415,1000000,Free
7417,1000000,Free
7418,1000000,Free
7419,1000000,Free
7420,1000000,Free
7421,1000000,Free
7422,1000000,Free
7423,1000000,Free
7424,1000000,Free
7425,1000000,Free
7426,1000000,Free
7427,1000000,Free
7428,1000000,Free
7429,1000000,Free
7430,1000000,Free
7432,1000000,Free
7433,1000000,Free
7434,1000000,Free
7436,1000000,Free
7437,1000000,Free
7438,1000000,Free
7439,1000000,Free
7440,1000000,Free
7441,1000000,Free
7442,1000000,Free
7443,1000000,Free
7444,1000000,Free
7445,1000000,Free
7446,1000000,Free
7447,1000000,Free
7448,1000000,Free
7449,1000000,Free
7450,1000000,Free
7451,1000000,Free
7452,1000000,Free
7453,1000000,Free
7454,1000000,Free
7455,1000000,Free
7456,1000000,Free
7457,1000000,Free
7458,1000000,Free
7459,1000000,Free
7460,1000000,Free
7461,1000000,Free
7462,1000000,Free
7464,1000000,Free
7466,1000000,Free
7467,1000000,Free
7468,1000000,Free
7470,1000000,Free
7471,1000000,Free
7472,1000000,Free
7473,1000000,Free
7474,1000000,Free
7475,1000000,Free
7476,1000000,Free
7477,1000000,Paid
7480,1000000,Free
7481,1000000,Free
7482,1000000,Free
7483,1000000,Free
7484,1000000,Free
7485,1000000,Free
7486,1000000,Free
7487,1000000,Free
7488,1000000,Free
7489,1000000,Free
7490,1000000,Free
7491,1000000,Free
7492,1000000,Free
7494,1000000,Free
7495,1000000,Free
7496,1000000,Free
7497,1000000,Free
7498,1000000,Free
7499,1000000,Free
7500,1000000,Free
7501,1000000,Free
7502,1000000,Free
7503,1000000,Free
7504,1000000,Free
7505,1000000,Free
7506,1000000,Free
7507,1000000,Free
7508,1000000,Free
7509,1000000,Free
7510,1000000,Free
7512,1000000,Free
7513,1000000,Free
7514,1000000,Free
7515,1000000,Free
7516,1000000,Free
7518,1000000,Free
7519,1000000,Free
7520,1000000,Free
7521,1000000,Free
7522,1000000,Free
7523,1000000,Free
7524,1000000,Free
7525,1000000,Free
7526,1000000,Free
7527,1000000,Free
7528,1000000,Free
7529,1000000,Free
7530,1000000,Free
7531,1000000,Free
7532,1000000,Free
7533,1000000,Free
7534,1000000,Free
7535,1000000,Free
7536,1000000,Free
7537,1000000,Free
7538,1000000,Free
7539,1000000,Free
7540,1000000,Free
7541,1000000,Free
7543,1000000,Free
7544,1000000,Free
7545,1000000,Free
7546,1000000,Free
7547,1000000,Free
7548,1000000,Free
7549,1000000,Free
7550,1000000,Free
7551,1000000,Free
7553,1000000,Free
7554,1000000,Free
7555,1000000,Free
7556,1000000,Free
7557,1000000,Free
7558,1000000,Free
7559,1000000,Free
7560,1000000,Free
7561,1000000,Free
7562,1000000,Free
7563,1000000,Paid
7564,1000000,Free
7565,1000000,Free
7566,1000000,Free
7567,1000000,Free
7568,1000000,Free
7569,1000000,Free
7570,1000000,Free
7571,1000000,Free
7574,1000000,Free
7575,1000000,Free
7576,1000000,Free
7577,1000000,Free
7578,1000000,Free
7579,1000000,Free
7580,1000000,Free
7581,1000000,Free
7583,1000000,Free
7584,1000000,Free
7586,1000000,Free
7587,1000000,Free
7588,1000000,Free
7589,1000000,Free
7590,1000000,Free
7591,1000000,Free
7592,1000000,Free
7593,1000000,Free
7594,1000000,Free
7595,1000000,Free
7598,1000000,Free
7599,1000000,Free
7600,1000000,Free
7602,1000000,Free
7603,1000000,Free
7604,1000000,Free
7605,1000000,Free
7606,1000000,Free
7607,1000000,Free
7608,1000000,Free
7609,1000000,Free
7610,1000000,Free
7611,1000000,Free
7612,1000000,Free
7613,1000000,Free
7614,1000000,Free
7615,1000000,Free
7616,1000000,Free
7617,1000000,Free
7618,1000000,Free
7619,1000000,Free
7620,1000000,Free
7621,1000000,Free
7622,1000000,Free
7623,1000000,Free
7625,1000000,Free
7626,1000000,Free
7627,1000000,Free
7628,1000000,Free
7629,1000000,Free
7633,1000000,Paid
7634,1000000,Free
7635,1000000,Free
7636,1000000,Free
7637,1000000,Free
7638,1000000,Free
7639,1000000,Free
7640,1000000,Free
7641,1000000,Free
7642,1000000,Free
7643,1000000,Free
7645,1000000,Free
7646,1000000,Free
7647,1000000,Free
7648,1000000,Free
7649,1000000,Free
7650,1000000,Free
7651,1000000,Free
7652,1000000,Free
7653,1000000,Free
7654,1000000,Free
7655,1000000,Free
7656,1000000,Free
7657,1000000,Free
7658,1000000,Free
7660,1000000,Free
7661,1000000,Free
7662,1000000,Free
7663,1000000,Free
7664,1000000,Free
7665,1000000,Free
7666,1000000,Free
7667,1000000,Free
7668,1000000,Free
7669,1000000,Free
7670,1000000,Free
7671,1000000,Free
7672,1000000,Free
7673,1000000,Free
7675,1000000,Free
7676,1000000,Free
7677,1000000,Free
7678,1000000,Free
7679,1000000,Free
7680,1000000,Free
7681,1000000,Free
7682,1000000,Free
7683,1000000,Free
7684,1000000,Free
7685,1000000,Free
7686,1000000,Free
7687,1000000,Free
7688,1000000,Free
7689,1000000,Free
7690,1000000,Free
7691,1000000,Paid
7692,1000000,Free
7693,1000000,Free
7694,1000000,Free
7695,1000000,Free
7696,1000000,Free
7697,1000000,Free
7698,1000000,Free
7700,1000000,Free
7701,1000000,Free
7702,1000000,Free
7703,1000000,Free
7704,1000000,Free
7705,1000000,Free
7706,1000000,Free
7707,1000000,Free
7709,1000000,Free
7710,1000000,Free
7711,1000000,Free
7712,1000000,Free
7713,1000000,Free
7714,1000000,Free
7715,1000000,Free
7716,1000000,Free
7717,1000000,Free
7718,1000000,Free
7719,1000000,Free
7720,1000000,Free
7721,1000000,Free
7722,1000000,Free
7723,1000000,Free
7724,1000000,Free
7725,1000000,Free
7726,1000000,Free
7727,1000000,Free
7728,1000000,Free
7729,1000000,Free
7730,1000000,Free
7731,1000000,Free
7733,1000000,Free
7734,1000000,Free
7735,1000000,Free
7736,1000000,Free
7738,1000000,Free
7739,1000000,Free
7740,1000000,Free
7741,1000000,Free
7742,1000000,Free
7743,1000000,Free
7744,1000000,Free
7745,1000000,Free
7746,1000000,Free
7747,1000000,Free
7748,1000000,Free
7749,1000000,Free
7750,1000000,Free
7751,1000000,Free
7752,1000000,Free
7754,1000000,Free
7755,1000000,Free
7757,1000000,Free
7758,1000000,Free
7759,1000000,Free
7760,1000000,Free
7761,1000000,Free
7762,1000000,Free
7764,1000000,Free
7765,1000000,Free
7766,1000000,Free
7767,1000000,Free
7768,1000000,Free
7769,1000000,Free
7770,1000000,Free
7771,1000000,Free
7773,1000000,Free
7774,1000000,Free
7775,1000000,Free
7776,1000000,Paid
7777,1000000,Free
7778,1000000,Free
7779,1000000,Free
7780,1000000,Free
7781,1000000,Free
7784,1000000,Free
7785,1000000,Free
7787,1000000,Free
7788,1000000,Free
7789,1000000,Free
7790,1000000,Free
7791,1000000,Free
7792,1000000,Free
7793,1000000,Free
7794,1000000,Free
7795,1000000,Free
7796,1000000,Free
7797,1000000,Free
7798,1000000,Free
7799,1000000,Free
7800,1000000,Free
7801,1000000,Free
7802,1000000,Free
7803,1000000,Free
7804,1000000,Free
7805,1000000,Paid
7806,1000000,Free
7807,1000000,Free
7808,1000000,Free
7809,1000000,Free
7810,1000000,Free
7811,1000000,Free
7812,1000000,Free
7813,1000000,Free
7814,1000000,Free
7815,1000000,Free
7816,1000000,Free
7817,1000000,Free
7818,1000000,Free
7819,1000000,Free
7820,1000000,Free
7821,1000000,Free
7822,1000000,Free
7823,1000000,Free
7824,1000000,Free
7825,1000000,Free
7826,1000000,Free
7827,1000000,Free
7828,1000000,Free
7829,1000000,Free
7830,1000000,Free
7831,1000000,Free
7832,1000000,Free
7833,1000000,Free
7834,1000000,Free
7835,1000000,Free
7836,1000000,Free
7837,1000000,Free
7838,1000000,Free
7839,1000000,Free
7841,1000000,Free
7842,1000000,Free
7843,1000000,Free
7844,1000000,Free
7846,1000000,Free
7847,1000000,Free
7849,1000000,Free
7850,1000000,Free
7851,1000000,Free
7852,1000000,Free
7853,1000000,Free
7854,1000000,Free
7855,1000000,Free
7856,1000000,Free
7857,1000000,Free
7858,1000000,Free
7859,1000000,Free
7860,1000000,Free
7861,1000000,Free
7862,1000000,Free
7863,1000000,Free
7864,1000000,Free
7865,1000000,Free
7866,1000000,Free
7867,1000000,Free
7868,1000000,Free
7869,1000000,Free
7870,1000000,Free
7871,1000000,Free
7872,1000000,Free
7873,1000000,Free
7874,1000000,Free
7875,1000000,Free
7876,1000000,Free
7877,1000000,Free
7878,1000000,Free
7879,1000000,Free
7880,1000000,Free
7881,1000000,Free
7882,1000000,Free
7883,1000000,Free
7884,1000000,Free
7885,1000000,Free
7886,1000000,Free
7887,1000000,Free
7888,1000000,Free
7889,1000000,Free
7890,1000000,Free
7891,1000000,Free
7892,1000000,Free
7893,1000000,Free
7894,1000000,Free
7895,1000000,Free
7896,1000000,Free
7899,1000000,Free
7900,1000000,Free
7901,1000000,Free
7902,1000000,Free
7903,1000000,Free
7904,1000000,Free
7905,1000000,Free
7906,1000000,Free
7907,1000000,Free
7908,1000000,Free
7909,1000000,Free
7910,1000000,Free
7911,1000000,Free
7913,1000000,Free
7915,1000000,Free
7916,1000000,Free
7917,1000000,Paid
7918,1000000,Free
7919,1000000,Free
7920,1000000,Free
7921,1000000,Free
7923,1000000,Free
7924,1000000,Free
7925,1000000,Free
7926,1000000,Free
7927,1000000,Free
7928,1000000,Paid
7929,1000000,Free
7930,1000000,Free
7931,1000000,Free
7932,1000000,Free
7933,1000000,Free
7934,1000000,Free
7936,1000000,Free
7937,1000000,Free
7938,1000000,Free
7939,1000000,Free
7940,1000000,Free
7941,1000000,Free
7943,1000000,Free
7944,1000000,Free
7945,1000000,Free
7946,1000000,Free
7947,1000000,Free
7948,1000000,Free
7949,1000000,Free
7950,1000000,Free
7951,1000000,Free
7952,1000000,Free
7953,1000000,Free
7954,1000000,Paid
7955,1000000,Free
7956,1000000,Free
7957,1000000,Paid
7958,1000000,Free
7959,1000000,Free
7960,1000000,Free
7961,1000000,Free
7962,1000000,Free
7963,1000000,Free
7964,1000000,Free
7965,1000000,Free
7966,1000000,Free
7967,1000000,Free
7968,1000000,Free
7969,1000000,Free
7970,1000000,Free
7971,1000000,Free
7972,1000000,Free
7973,1000000,Free
7974,1000000,Free
7975,1000000,Free
7976,1000000,Free
7977,1000000,Paid
7978,1000000,Free
7979,1000000,Free
7980,1000000,Free
7981,1000000,Free
7982,1000000,Free
7983,1000000,Free
7984,1000000,Free
7985,1000000,Free
7986,1000000,Free
7987,1000000,Free
7988,1000000,Paid
7989,1000000,Free
7990,1000000,Free
7991,1000000,Free
7992,1000000,Free
7995,1000000,Free
7996,1000000,Free
7997,1000000,Free
7998,1000000,Free
7999,1000000,Free
8000,1000000,Free
8001,1000000,Free
8002,1000000,Free
8003,1000000,Free
8004,1000000,Free
8005,1000000,Free
8006,1000000,Free
8007,1000000,Free
8008,1000000,Free
8009,5000000,Free
8010,5000000,Free
8011,5000000,Free
8012,5000000,Free
8013,5000000,Free
8014,5000000,Free
8015,5000000,Free
8016,5000000,Free
8017,5000000,Free
8018,5000000,Free
8019,5000000,Free
8020,5000000,Free
8022,5000000,Free
8024,5000000,Free
8025,5000000,Free
8026,5000000,Free
8028,5000000,Free
8029,5000000,Free
8030,5000000,Free
8031,5000000,Free
8032,5000000,Free
8033,5000000,Free
8034,5000000,Free
8035,5000000,Free
8036,5000000,Free
8037,5000000,Free
8038,5000000,Free
8039,5000000,Free
8040,5000000,Free
8041,5000000,Free
8042,5000000,Free
8043,5000000,Free
8044,5000000,Free
8045,5000000,Free
8046,5000000,Free
8047,5000000,Free
8049,5000000,Free
8050,5000000,Free
8051,5000000,Free
8052,5000000,Free
8053,5000000,Free
8054,5000000,Free
8057,5000000,Free
8058,5000000,Free
8059,5000000,Free
8060,5000000,Free
8061,5000000,Free
8062,5000000,Free
8064,5000000,Free
8065,5000000,Free
8066,5000000,Free
8067,5000000,Free
8068,5000000,Free
8069,5000000,Free
8070,5000000,Free
8071,5000000,Free
8072,5000000,Free
8073,5000000,Free
8074,5000000,Free
8075,5000000,Free
8076,5000000,Free
8077,5000000,Free
8080,5000000,Free
8081,5000000,Free
8082,5000000,Free
8083,5000000,Free
8084,5000000,Free
8085,5000000,Free
8087,5000000,Free
8089,5000000,Free
8090,5000000,Free
8093,5000000,Free
8096,5000000,Free
8097,5000000,Free
8098,5000000,Free
8099,5000000,Free
8101,5000000,Free
8102,5000000,Free
8104,5000000,Free
8105,5000000,Free
8106,5000000,Free
8107,5000000,Free
8108,5000000,Free
8109,5000000,Free
8110,5000000,Free
8111,5000000,Free
8113,5000000,Free
8115,5000000,Free
8116,5000000,Free
8117,5000000,Free
8118,5000000,Free
8120,5000000,Free
8121,5000000,Free
8122,5000000,Free
8123,5000000,Free
8124,5000000,Free
8125,5000000,Free
8126,5000000,Free
8127,5000000,Free
8129,5000000,Free
8130,5000000,Free
8131,5000000,Free
8133,5000000,Free
8134,5000000,Free
8135,5000000,Free
8136,5000000,Free
8137,5000000,Free
8138,5000000,Free
8139,5000000,Free
8140,5000000,Free
8141,5000000,Free
8142,5000000,Free
8143,5000000,Free
8144,5000000,Free
8146,5000000,Free
8147,5000000,Free
8151,5000000,Free
8152,5000000,Free
8153,5000000,Free
8155,5000000,Free
8156,5000000,Free
8157,5000000,Free
8158,5000000,Free
8159,5000000,Free
8160,5000000,Free
8161,5000000,Free
8162,5000000,Free
8163,5000000,Free
8164,5000000,Free
8165,5000000,Free
8166,5000000,Free
8168,5000000,Free
8169,5000000,Free
8170,5000000,Free
8171,5000000,Free
8172,5000000,Free
8173,5000000,Free
8174,5000000,Free
8175,5000000,Free
8176,5000000,Free
8177,5000000,Free
8179,5000000,Free
8180,5000000,Free
8182,5000000,Free
8183,5000000,Free
8184,5000000,Free
8185,5000000,Free
8186,5000000,Free
8187,5000000,Free
8188,5000000,Free
8189,5000000,Free
8190,5000000,Free
8191,5000000,Free
8192,5000000,Free
8193,5000000,Free
8194,5000000,Free
8197,5000000,Free
8198,5000000,Free
8203,5000000,Free
8204,5000000,Free
8205,5000000,Free
8206,5000000,Free
8207,5000000,Free
8208,5000000,Free
8209,5000000,Free
8211,5000000,Free
8213,5000000,Free
8214,5000000,Free
8215,5000000,Free
8216,5000000,Free
8217,5000000,Free
8219,5000000,Free
8220,5000000,Free
8221,5000000,Free
8222,5000000,Free
8223,5000000,Free
8224,5000000,Free
8225,5000000,Free
8228,5000000,Free
8229,5000000,Free
8230,5000000,Free
8231,5000000,Free
8232,5000000,Free
8233,5000000,Free
8234,5000000,Free
8235,5000000,Free
8236,5000000,Free
8237,5000000,Free
8238,5000000,Free
8242,5000000,Free
8243,5000000,Free
8244,5000000,Free
8245,5000000,Free
8246,5000000,Free
8247,5000000,Free
8248,5000000,Free
8249,5000000,Free
8250,5000000,Free
8251,5000000,Free
8252,5000000,Free
8254,5000000,Free
8257,5000000,Free
8258,5000000,Free
8259,5000000,Free
8261,5000000,Free
8262,5000000,Free
8263,5000000,Free
8264,5000000,Free
8265,5000000,Free
8267,5000000,Free
8268,5000000,Free
8269,5000000,Free
8270,5000000,Free
8271,5000000,Free
8272,5000000,Free
8273,5000000,Free
8274,5000000,Free
8276,5000000,Free
8279,5000000,Free
8280,5000000,Free
8282,5000000,Free
8283,5000000,Free
8284,5000000,Free
8285,5000000,Free
8286,5000000,Free
8287,5000000,Free
8288,5000000,Free
8289,5000000,Free
8290,5000000,Free
8291,5000000,Free
8295,5000000,Free
8296,5000000,Free
8297,5000000,Free
8298,5000000,Free
8299,5000000,Free
8300,5000000,Free
8301,5000000,Free
8302,5000000,Free
8303,5000000,Free
8304,5000000,Free
8306,5000000,Free
8307,5000000,Free
8308,5000000,Free
8309,5000000,Free
8310,5000000,Free
8311,5000000,Free
8312,5000000,Free
8313,5000000,Free
8314,5000000,Free
8331,5000000,Free
8336,5000000,Free
8337,5000000,Free
8338,5000000,Free
8339,5000000,Free
8340,5000000,Free
8341,5000000,Free
8342,5000000,Free
8345,5000000,Free
8346,5000000,Free
8347,5000000,Free
8351,5000000,Free
8352,5000000,Free
8353,5000000,Free
8354,5000000,Free
8355,5000000,Free
8356,5000000,Free
8358,5000000,Free
8359,5000000,Free
8360,5000000,Free
8361,5000000,Free
8362,5000000,Free
8363,5000000,Free
8364,5000000,Free
8365,5000000,Free
8366,5000000,Free
8367,5000000,Free
8368,5000000,Free
8370,5000000,Free
8371,5000000,Free
8372,5000000,Free
8373,5000000,Free
8374,5000000,Free
8376,5000000,Free
8377,5000000,Free
8378,5000000,Free
8379,5000000,Free
8380,5000000,Free
8381,5000000,Free
8382,5000000,Free
8386,5000000,Free
8387,5000000,Free
8388,5000000,Free
8389,5000000,Free
8390,5000000,Free
8391,5000000,Free
8392,5000000,Free
8393,5000000,Free
8394,5000000,Free
8395,5000000,Free
8396,5000000,Free
8399,5000000,Free
8400,5000000,Free
8401,5000000,Free
8402,5000000,Free
8403,5000000,Free
8404,5000000,Free
8405,5000000,Free
8406,5000000,Free
8407,5000000,Free
8409,5000000,Free
8410,5000000,Free
8411,5000000,Free
8414,5000000,Free
8415,5000000,Free
8416,5000000,Free
8417,5000000,Free
8418,5000000,Free
8422,5000000,Free
8423,5000000,Free
8424,5000000,Free
8425,5000000,Free
8426,5000000,Free
8427,5000000,Free
8428,5000000,Free
8430,5000000,Free
8431,5000000,Free
8432,5000000,Free
8433,5000000,Free
8434,5000000,Free
8435,5000000,Free
8436,5000000,Free
8437,5000000,Free
8438,5000000,Free
8439,5000000,Free
8440,5000000,Free
8441,5000000,Free
8442,5000000,Free
8443,5000000,Free
8444,5000000,Free
8447,5000000,Free
8448,5000000,Free
8449,5000000,Free
8450,5000000,Free
8452,5000000,Free
8455,5000000,Free
8456,5000000,Free
8457,5000000,Free
8458,5000000,Free
8459,5000000,Free
8460,5000000,Free
8461,5000000,Free
8462,5000000,Free
8463,5000000,Free
8464,5000000,Free
8465,5000000,Free
8466,5000000,Free
8467,5000000,Free
8468,5000000,Free
8469,5000000,Free
8470,5000000,Free
8471,5000000,Free
8472,5000000,Free
8473,5000000,Free
8474,5000000,Free
8475,5000000,Free
8476,5000000,Free
8477,5000000,Free
8478,5000000,Free
8479,5000000,Free
8480,5000000,Free
8481,5000000,Free
8482,5000000,Free
8483,5000000,Free
8484,5000000,Free
8485,5000000,Free
8486,5000000,Free
8487,5000000,Free
8488,5000000,Free
8489,5000000,Free
8492,5000000,Free
8493,5000000,Free
8494,5000000,Free
8495,5000000,Free
8497,5000000,Free
8498,5000000,Free
8499,5000000,Free
8500,5000000,Free
8501,5000000,Free
8502,5000000,Free
8504,5000000,Free
8505,5000000,Free
8506,5000000,Free
8507,5000000,Free
8509,5000000,Free
8510,5000000,Free
8513,5000000,Free
8515,5000000,Free
8516,5000000,Free
8517,5000000,Free
8518,5000000,Free
8519,5000000,Free
8520,5000000,Free
8521,5000000,Free
8522,5000000,Free
8523,5000000,Free
8524,5000000,Free
8525,5000000,Free
8526,5000000,Free
8527,5000000,Free
8528,5000000,Free
8531,5000000,Free
8533,5000000,Free
8534,5000000,Free
8535,5000000,Free
8536,5000000,Free
8537,5000000,Free
8538,5000000,Free
8539,5000000,Free
8540,5000000,Free
8541,5000000,Free
8542,5000000,Free
8544,5000000,Free
8545,5000000,Free
8546,5000000,Free
8547,5000000,Free
8548,5000000,Free
8549,5000000,Free
8551,5000000,Free
8552,5000000,Free
8553,5000000,Free
8554,5000000,Free
8555,5000000,Free
8556,5000000,Free
8558,5000000,Free
8560,5000000,Free
8561,5000000,Free
8562,5000000,Free
8563,5000000,Free
8565,5000000,Free
8567,5000000,Free
8568,5000000,Free
8569,5000000,Free
8570,5000000,Free
8571,5000000,Free
8572,5000000,Free
8573,5000000,Free
8574,5000000,Free
8575,5000000,Free
8576,5000000,Free
8577,5000000,Free
8578,5000000,Free
8579,5000000,Free
8580,5000000,Free
8581,5000000,Free
8582,5000000,Free
8584,5000000,Free
8585,5000000,Free
8586,5000000,Free
8587,5000000,Free
8588,5000000,Free
8589,5000000,Free
8590,5000000,Free
8592,5000000,Free
8593,5000000,Free
8594,5000000,Free
8595,5000000,Free
8596,5000000,Free
8597,5000000,Free
8598,5000000,Free
8599,5000000,Free
8600,5000000,Free
8601,5000000,Free
8602,5000000,Free
8603,5000000,Free
8604,5000000,Free
8605,5000000,Free
8606,5000000,Free
8607,5000000,Free
8608,5000000,Free
8609,5000000,Free
8610,5000000,Free
8611,5000000,Free
8612,5000000,Free
8613,5000000,Free
8614,5000000,Free
8615,5000000,Free
8619,5000000,Free
8620,5000000,Free
8621,5000000,Free
8622,5000000,Free
8623,5000000,Free
8624,5000000,Free
8625,5000000,Free
8626,5000000,Free
8627,5000000,Free
8628,5000000,Free
8629,5000000,Free
8630,5000000,Free
8631,5000000,Free
8632,5000000,Free
8633,5000000,Free
8634,5000000,Free
8635,5000000,Free
8636,5000000,Free
8637,5000000,Free
8638,5000000,Free
8639,5000000,Free
8640,5000000,Free
8641,5000000,Free
8643,5000000,Free
8644,5000000,Free
8645,5000000,Free
8646,5000000,Free
8647,5000000,Free
8648,5000000,Free
8649,5000000,Free
8650,5000000,Free
8651,5000000,Free
8652,5000000,Free
8654,5000000,Free
8655,5000000,Free
8656,5000000,Free
8657,5000000,Free
8658,5000000,Free
8659,5000000,Free
8660,5000000,Free
8661,5000000,Free
8662,5000000,Free
8664,5000000,Free
8665,5000000,Free
8666,5000000,Free
8667,5000000,Free
8668,5000000,Free
8669,5000000,Free
8670,5000000,Free
8672,5000000,Free
8673,5000000,Free
8674,5000000,Free
8675,5000000,Free
8676,5000000,Free
8677,5000000,Free
8678,5000000,Free
8680,5000000,Free
8681,5000000,Free
8682,5000000,Free
8683,5000000,Free
8684,5000000,Free
8685,5000000,Free
8686,5000000,Free
8687,5000000,Free
8688,5000000,Free
8689,5000000,Free
8690,5000000,Free
8691,5000000,Free
8692,5000000,Free
8693,5000000,Free
8694,5000000,Free
8696,5000000,Free
8698,5000000,Free
8699,5000000,Free
8703,5000000,Free
8704,5000000,Free
8708,5000000,Free
8709,5000000,Free
8710,5000000,Free
8711,5000000,Free
8712,5000000,Free
8713,5000000,Free
8714,5000000,Free
8715,5000000,Free
8716,5000000,Free
8717,5000000,Free
8718,5000000,Free
8719,5000000,Free
8720,5000000,Free
8721,5000000,Free
8724,5000000,Free
8725,5000000,Free
8726,5000000,Free
8728,5000000,Free
8729,5000000,Free
8731,5000000,Free
8732,5000000,Free
8733,5000000,Free
8734,5000000,Free
8735,5000000,Free
8736,5000000,Free
8737,5000000,Free
8738,5000000,Free
8739,5000000,Free
8740,5000000,Free
8741,5000000,Free
8745,5000000,Free
8746,5000000,Free
8747,5000000,Free
8748,5000000,Free
8749,5000000,Free
8751,5000000,Free
8752,5000000,Free
8753,5000000,Free
8754,5000000,Free
8755,5000000,Free
8756,5000000,Free
8757,5000000,Free
8758,5000000,Free
8759,5000000,Free
8760,5000000,Free
8761,10000000,Free
8762,10000000,Free
8763,10000000,Free
8764,10000000,Free
8765,10000000,Free
8766,10000000,Free
8768,10000000,Free
8769,10000000,Free
8772,10000000,Free
8774,10000000,Free
8775,10000000,Free
8777,10000000,Free
8778,10000000,Free
8779,10000000,Free
8780,10000000,Free
8784,10000000,Free
8785,10000000,Free
8786,10000000,Free
8787,10000000,Free
8788,10000000,Free
8789,10000000,Free
8791,10000000,Free
8795,10000000,Free
8796,10000000,Free
8797,10000000,Free
8798,10000000,Free
8802,10000000,Free
8804,10000000,Free
8805,10000000,Free
8807,10000000,Free
8809,10000000,Free
8811,10000000,Free
8812,10000000,Free
8813,10000000,Free
8817,10000000,Free
8818,10000000,Free
8819,10000000,Free
8821,10000000,Free
8823,10000000,Free
8824,10000000,Free
8825,10000000,Paid
8826,10000000,Free
8827,10000000,Free
8828,10000000,Free
8833,10000000,Free
8834,10000000,Free
8836,10000000,Free
8837,10000000,Free
8838,10000000,Free
8839,10000000,Free
8840,10000000,Free
8841,10000000,Free
8842,10000000,Free
8843,10000000,Free
8844,10000000,Free
8845,10000000,Free
8846,10000000,Free
8847,10000000,Free
8848,10000000,Free
8849,10000000,Free
8850,10000000,Free
8852,10000000,Free
8853,10000000,Free
8855,10000000,Free
8856,10000000,Free
8859,10000000,Free
8860,10000000,Free
8861,10000000,Free
8862,10000000,Free
8863,10000000,Free
8864,10000000,Free
8865,10000000,Free
8866,10000000,Free
8869,10000000,Free
8870,10000000,Free
8871,10000000,Free
8872,10000000,Free
8873,10000000,Free
8875,10000000,Free
8876,10000000,Free
8877,10000000,Free
8878,10000000,Free
8879,10000000,Free
8880,10000000,Free
8883,10000000,Free
8884,10000000,Free
8886,10000000,Free
8887,10000000,Free
8888,10000000,Free
8889,10000000,Free
8890,10000000,Free
8891,10000000,Free
8892,10000000,Free
8894,10000000,Free
8898,10000000,Free
8899,10000000,Free
8900,10000000,Free
8903,10000000,Free
8904,10000000,Free
8905,10000000,Free
8906,10000000,Free
8907,10000000,Free
8909,10000000,Free
8910,10000000,Free
8912,10000000,Free
8913,10000000,Free
8914,10000000,Free
8915,10000000,Free
8916,10000000,Free
8917,10000000,Free
8918,10000000,Free
8920,10000000,Free
8921,10000000,Free
8923,10000000,Free
8925,10000000,Free
8926,10000000,Free
8928,10000000,Free
8929,10000000,Free
8930,10000000,Free
8931,10000000,Free
8933,10000000,Free
8934,10000000,Free
8935,10000000,Free
8936,10000000,Free
8938,10000000,Free
8939,10000000,Free
8940,10000000,Free
8941,10000000,Free
8942,10000000,Free
8943,10000000,Free
8944,10000000,Free
8945,10000000,Free
8946,10000000,Free
8947,10000000,Free
8949,10000000,Free
8950,10000000,Free
8951,10000000,Free
8952,10000000,Free
8953,10000000,Free
8956,10000000,Free
8958,10000000,Free
8959,10000000,Free
8960,10000000,Free
8962,10000000,Free
8963,10000000,Free
8964,10000000,Free
8965,10000000,Free
8966,10000000,Free
8967,10000000,Free
8968,10000000,Free
8969,10000000,Free
8970,10000000,Free
8973,10000000,Free
8975,10000000,Free
8976,10000000,Free
8977,10000000,Free
8978,10000000,Free
8979,10000000,Free
8980,10000000,Free
8981,10000000,Free
8983,10000000,Free
8986,10000000,Free
8987,10000000,Free
8988,10000000,Free
8989,10000000,Free
8990,10000000,Free
8992,10000000,Free
8993,10000000,Free
8994,10000000,Free
8995,10000000,Free
8996,10000000,Free
8997,10000000,Free
8998,10000000,Free
8999,10000000,Free
9000,10000000,Free
9003,10000000,Free
9006,10000000,Free
9007,10000000,Free
9008,10000000,Free
9009,10000000,Free
9010,10000000,Free
9011,10000000,Free
9012,10000000,Free
9014,10000000,Free
9015,10000000,Free
9016,10000000,Free
9017,10000000,Free
9018,10000000,Free
9019,10000000,Free
9020,10000000,Free
9021,10000000,Free
9022,10000000,Free
9023,10000000,Free
9024,10000000,Free
9026,10000000,Free
9029,10000000,Free
9030,10000000,Free
9031,10000000,Free
9032,10000000,Free
9033,10000000,Free
9034,10000000,Free
9036,10000000,Free
9038,10000000,Free
9039,10000000,Free
9041,10000000,Free
9042,10000000,Free
9043,10000000,Free
9044,10000000,Free
9045,10000000,Free
9046,10000000,Free
9047,10000000,Free
9049,10000000,Free
9050,10000000,Free
9051,10000000,Free
9052,10000000,Free
9055,10000000,Free
9056,10000000,Free
9059,10000000,Free
9060,10000000,Free
9061,10000000,Free
9062,10000000,Free
9066,10000000,Free
9067,10000000,Free
9068,10000000,Free
9069,10000000,Free
9070,10000000,Free
9071,10000000,Free
9072,10000000,Free
9079,10000000,Free
9080,10000000,Free
9081,10000000,Free
9083,10000000,Free
9085,10000000,Free
9089,10000000,Free
9094,10000000,Free
9095,10000000,Free
9096,10000000,Free
9097,10000000,Free
9098,10000000,Free
9099,10000000,Free
9100,10000000,Free
9101,10000000,Free
9102,10000000,Free
9103,10000000,Free
9109,10000000,Free
9110,10000000,Free
9119,10000000,Free
9120,10000000,Free
9121,10000000,Free
9122,10000000,Free
9124,10000000,Free
9127,10000000,Free
9128,10000000,Free
9129,10000000,Free
9130,10000000,Free
9133,10000000,Free
9134,10000000,Free
9135,10000000,Free
9136,10000000,Free
9137,10000000,Free
9138,10000000,Free
9139,10000000,Free
9140,10000000,Free
9141,10000000,Free
9142,10000000,Free
9143,10000000,Free
9144,10000000,Free
9148,10000000,Free
9151,10000000,Free
9155,10000000,Free
9157,10000000,Free
9161,10000000,Free
9162,10000000,Free
9163,10000000,Free
9167,10000000,Free
9169,10000000,Free
9170,10000000,Free
9171,10000000,Free
9172,10000000,Free
9173,10000000,Free
9174,10000000,Free
9175,10000000,Free
9176,10000000,Free
9177,10000000,Free
9178,10000000,Free
9179,10000000,Free
9183,10000000,Free
9184,10000000,Free
9185,10000000,Free
9186,10000000,Free
9188,10000000,Free
9193,10000000,Free
9194,10000000,Free
9195,10000000,Free
9196,10000000,Free
9198,10000000,Free
9199,10000000,Free
9202,10000000,Free
9203,10000000,Free
9204,10000000,Free
9205,10000000,Free
9206,10000000,Free
9207,10000000,Free
9208,10000000,Free
9209,10000000,Free
9210,10000000,Free
9211,10000000,Free
9212,10000000,Free
9213,10000000,Free
9216,10000000,Free
9217,10000000,Free
9220,10000000,Paid
9221,10000000,Free
9223,10000000,Free
9225,10000000,Free
9226,10000000,Free
9227,10000000,Free
9228,10000000,Free
9230,10000000,Free
9231,10000000,Free
9233,10000000,Free
9234,10000000,Free
9235,10000000,Free
9236,10000000,Free
9237,10000000,Free
9238,10000000,Free
9240,10000000,Free
9242,10000000,Free
9243,10000000,Free
9244,10000000,Free
9245,10000000,Free
9247,10000000,Free
9248,10000000,Free
9249,10000000,Free
9250,10000000,Free
9251,10000000,Free
9252,10000000,Free
9255,10000000,Free
9256,10000000,Free
9259,10000000,Free
9265,10000000,Free
9266,10000000,Free
9267,10000000,Free
9268,10000000,Free
9269,10000000,Free
9270,10000000,Free
9271,10000000,Free
9272,10000000,Free
9273,10000000,Free
9281,10000000,Free
9285,10000000,Free
9286,10000000,Free
9287,10000000,Free
9288,10000000,Free
9289,10000000,Free
9290,10000000,Free
9291,10000000,Free
9292,10000000,Free
9293,10000000,Free
9294,10000000,Free
9295,10000000,Free
9296,10000000,Free
9297,10000000,Free
9298,10000000,Free
9299,10000000,Free
9302,10000000,Free
9303,10000000,Free
9304,10000000,Free
9305,10000000,Free
9306,10000000,Free
9307,10000000,Free
9308,10000000,Free
9309,10000000,Free
9310,10000000,Free
9311,10000000,Free
9318,10000000,Free
9320,10000000,Free
9321,10000000,Free
9322,10000000,Free
9323,10000000,Free
9324,10000000,Free
9325,10000000,Free
9326,10000000,Free
9327,10000000,Free
9328,10000000,Free
9329,10000000,Free
9330,10000000,Free
9333,10000000,Free
9334,10000000,Free
9335,10000000,Free
9336,10000000,Free
9337,10000000,Free
9338,10000000,Free
9339,10000000,Free
9340,10000000,Free
9341,10000000,Free
9342,10000000,Free
9343,10000000,Free
9344,10000000,Free
9345,10000000,Free
9346,10000000,Free
9347,10000000,Free
9348,10000000,Free
9349,10000000,Free
9350,10000000,Free
9351,10000000,Free
9352,10000000,Free
9353,10000000,Free
9354,10000000,Free
9355,10000000,Free
9356,10000000,Free
9357,10000000,Free
9358,10000000,Free
9359,10000000,Free
9360,10000000,Free
9361,10000000,Free
9362,10000000,Free
9363,10000000,Free
9364,10000000,Free
9365,10000000,Free
9366,10000000,Free
9367,10000000,Free
9368,10000000,Free
9369,10000000,Free
9372,10000000,Free
9373,10000000,Free
9374,10000000,Free
9375,10000000,Free
9378,10000000,Free
9379,10000000,Free
9380,10000000,Free
9381,10000000,Free
9382,10000000,Free
9383,10000000,Free
9384,10000000,Free
9385,10000000,Free
9386,10000000,Free
9387,10000000,Free
9388,10000000,Free
9389,10000000,Free
9390,10000000,Free
9391,10000000,Free
9395,10000000,Free
9396,10000000,Free
9397,10000000,Free
9398,10000000,Free
9399,10000000,Free
9402,10000000,Free
9406,10000000,Free
9407,10000000,Free
9408,10000000,Free
9409,10000000,Free
9410,10000000,Free
9411,10000000,Free
9412,10000000,Free
9413,10000000,Free
9414,10000000,Free
9415,10000000,Free
9417,10000000,Free
9420,10000000,Free
9421,10000000,Free
9422,10000000,Free
9423,10000000,Free
9424,10000000,Free
9425,10000000,Free
9426,10000000,Free
9429,10000000,Free
9430,10000000,Free
9434,10000000,Free
9435,10000000,Free
9436,10000000,Free
9437,10000000,Free
9439,10000000,Free
9440,10000000,Free
9443,10000000,Free
9444,10000000,Free
9446,10000000,Free
9447,10000000,Free
9448,10000000,Free
9451,10000000,Free
9452,10000000,Free
9453,10000000,Free
9456,10000000,Free
9457,10000000,Free
9458,10000000,Free
9459,10000000,Free
9460,10000000,Free
9461,10000000,Free
9462,10000000,Free
9463,10000000,Free
9464,10000000,Free
9465,10000000,Free
9466,10000000,Free
9468,10000000,Free
9469,10000000,Free
9470,10000000,Free
9471,10000000,Free
9472,10000000,Free
9473,10000000,Free
9475,10000000,Free
9476,10000000,Free
9477,10000000,Free
9478,10000000,Free
9479,10000000,Free
9480,10000000,Free
9481,10000000,Free
9482,10000000,Free
9483,10000000,Free
9484,10000000,Free
9485,10000000,Free
9486,10000000,Free
9487,10000000,Free
9489,10000000,Free
9490,10000000,Free
9491,10000000,Free
9492,10000000,Free
9494,10000000,Free
9495,10000000,Free
9496,10000000,Free
9497,10000000,Free
9498,10000000,Free
9499,10000000,Free
9500,10000000,Free
9502,10000000,Free
9503,10000000,Free
9504,10000000,Free
9505,10000000,Free
9506,10000000,Free
9507,10000000,Free
9508,10000000,Free
9509,10000000,Free
9510,10000000,Free
9512,10000000,Free
9513,10000000,Free
9515,10000000,Free
9516,10000000,Free
9517,10000000,Free
9518,10000000,Free
9519,10000000,Free
9521,10000000,Free
9522,10000000,Free
9523,10000000,Free
9524,10000000,Free
9525,10000000,Free
9526,10000000,Free
9527,10000000,Free
9528,10000000,Free
9529,10000000,Free
9530,10000000,Free
9531,10000000,Free
9532,10000000,Free
9533,10000000,Free
9535,10000000,Free
9536,10000000,Free
9537,10000000,Free
9538,10000000,Free
9539,10000000,Free
9540,10000000,Free
9541,10000000,Free
9544,10000000,Free
9545,10000000,Free
9546,10000000,Free
9547,10000000,Free
9548,10000000,Free
9549,10000000,Free
9551,10000000,Free
9552,10000000,Free
9553,10000000,Free
9555,10000000,Free
9556,10000000,Free
9557,10000000,Free
9560,10000000,Free
9561,10000000,Free
9562,10000000,Free
9563,10000000,Free
9564,10000000,Free
9566,10000000,Free
9568,10000000,Free
9569,10000000,Free
9570,10000000,Free
9571,10000000,Free
9573,10000000,Free
9574,10000000,Free
9576,10000000,Free
9577,10000000,Free
9579,10000000,Free
9580,10000000,Free
9583,10000000,Free
9584,10000000,Free
9585,10000000,Free
9586,10000000,Free
9589,10000000,Free
9590,10000000,Free
9591,10000000,Free
9592,10000000,Free
9593,10000000,Free
9594,10000000,Free
9595,10000000,Free
9596,10000000,Free
9597,10000000,Free
9598,10000000,Free
9599,10000000,Free
9601,10000000,Free
9602,10000000,Free
9604,10000000,Free
9605,10000000,Free
9606,10000000,Free
9608,10000000,Free
9609,10000000,Free
9610,10000000,Free
9611,10000000,Free
9612,10000000,Free
9613,10000000,Free
9614,10000000,Free
9615,10000000,Free
9616,10000000,Free
9617,10000000,Free
9618,10000000,Free
9620,10000000,Free
9621,10000000,Free
9622,10000000,Free
9624,10000000,Free
9625,10000000,Free
9626,10000000,Free
9627,10000000,Free
9629,10000000,Free
9630,10000000,Free
9631,10000000,Free
9636,10000000,Free
9637,10000000,Free
9638,10000000,Free
9639,10000000,Free
9640,10000000,Free
9641,10000000,Free
9643,10000000,Free
9644,10000000,Free
9645,10000000,Free
9646,10000000,Free
9647,10000000,Free
9651,10000000,Free
9652,10000000,Free
9653,10000000,Free
9654,10000000,Free
9655,10000000,Free
9658,10000000,Free
9659,10000000,Free
9660,10000000,Free
9661,10000000,Free
9662,10000000,Free
9663,10000000,Free
9664,10000000,Free
9665,10000000,Free
9667,10000000,Free
9668,10000000,Free
9669,10000000,Free
9671,10000000,Free
9672,10000000,Free
9673,10000000,Free
9674,10000000,Free
9675,10000000,Free
9676,10000000,Free
9677,10000000,Free
9678,10000000,Free
9679,10000000,Free
9680,10000000,Free
9681,10000000,Free
9682,10000000,Free
9683,10000000,Free
9685,10000000,Free
9686,10000000,Free
9687,10000000,Free
9688,10000000,Free
9689,10000000,Free
9690,10000000,Free
9691,10000000,Free
9692,10000000,Free
9693,10000000,Free
9696,10000000,Free
9698,10000000,Free
9699,10000000,Free
9700,10000000,Free
9701,10000000,Free
9702,10000000,Free
9703,10000000,Free
9704,10000000,Free
9705,10000000,Free
9706,10000000,Free
9707,10000000,Free
9708,10000000,Free
9709,10000000,Free
9711,10000000,Free
9714,10000000,Free
9715,10000000,Free
9716,10000000,Free
9717,10000000,Free
9718,10000000,Free
9719,10000000,Free
9721,10000000,Free
9723,10000000,Free
9724,10000000,Free
9725,10000000,Free
9726,10000000,Free
9727,10000000,Free
9728,10000000,Free
9729,10000000,Free
9730,10000000,Free
9731,10000000,Free
9732,10000000,Free
9733,10000000,Free
9734,10000000,Free
9735,10000000,Free
9736,10000000,Free
9737,10000000,Free
9738,10000000,Free
9740,10000000,Free
9741,10000000,Free
9742,10000000,Free
9743,10000000,Free
9744,10000000,Free
9745,10000000,Free
9747,10000000,Free
9748,10000000,Free
9750,10000000,Free
9751,10000000,Free
9752,10000000,Free
9753,10000000,Free
9754,10000000,Free
9755,10000000,Free
9756,10000000,Free
9758,10000000,Free
9759,10000000,Free
9761,10000000,Free
9762,10000000,Free
9763,10000000,Free
9765,10000000,Free
9766,10000000,Free
9768,10000000,Free
9769,10000000,Free
9770,10000000,Free
9772,10000000,Free
9773,10000000,Free
9774,10000000,Free
9775,10000000,Free
9776,10000000,Free
9777,10000000,Free
9778,10000000,Free
9779,10000000,Free
9780,10000000,Free
9781,10000000,Free
9782,10000000,Free
9785,10000000,Free
9786,10000000,Free
9788,10000000,Free
9789,10000000,Free
9790,10000000,Free
9791,10000000,Free
9792,10000000,Free
9793,10000000,Free
9794,10000000,Free
9795,10000000,Free
9796,10000000,Free
9797,10000000,Free
9798,10000000,Free
9799,10000000,Free
9800,10000000,Free
9801,10000000,Free
9802,10000000,Free
9804,10000000,Free
9805,10000000,Free
9806,10000000,Free
9807,10000000,Free
9808,10000000,Free
9811,10000000,Free
9814,10000000,Free
9815,10000000,Free
9816,10000000,Free
9817,10000000,Free
9818,10000000,Free
9819,10000000,Free
9821,10000000,Free
9822,10000000,Free
9823,10000000,Free
9824,10000000,Free
9825,10000000,Free
9826,10000000,Free
9827,10000000,Free
9828,10000000,Free
9829,10000000,Free
9830,10000000,Free
9831,10000000,Free
9832,10000000,Free
9833,10000000,Free
9834,10000000,Free
9839,10000000,Free
9840,10000000,Free
9841,10000000,Free
9842,10000000,Free
9843,10000000,Free
9844,10000000,Free
9845,10000000,Free
9846,10000000,Free
9847,10000000,Free
9848,10000000,Free
9849,10000000,Free
9850,10000000,Free
9852,10000000,Free
9855,10000000,Free
9857,10000000,Free
9858,10000000,Free
9859,10000000,Free
9860,10000000,Free
9861,10000000,Free
9862,10000000,Free
9865,10000000,Free
9866,10000000,Free
9867,10000000,Free
9868,10000000,Free
9869,10000000,Free
9870,10000000,Free
9871,10000000,Free
9872,10000000,Free
9873,10000000,Free
9874,10000000,Free
9875,10000000,Free
9876,10000000,Free
9877,10000000,Free
9878,10000000,Free
9879,10000000,Free
9880,10000000,Free
9881,10000000,Free
9882,10000000,Free
9883,10000000,Free
9884,10000000,Free
9886,10000000,Free
9887,10000000,Free
9888,10000000,Free
9890,10000000,Free
9891,10000000,Free
9893,10000000,Free
9894,10000000,Free
9895,10000000,Free
9896,10000000,Free
9897,10000000,Free
9900,10000000,Free
9901,10000000,Free
9902,10000000,Free
9903,10000000,Free
9904,10000000,Free
9905,10000000,Free
9906,10000000,Free
9907,10000000,Free
9908,10000000,Free
9909,10000000,Free
9910,10000000,Free
9911,10000000,Free
9912,10000000,Free
9914,10000000,Free
9915,10000000,Free
9916,10000000,Free
9917,10000000,Free
9918,10000000,Free
9919,10000000,Free
9920,10000000,Free
9922,10000000,Free
9923,10000000,Free
9924,10000000,Free
9927,10000000,Free
9928,10000000,Free
9929,10000000,Free
9931,10000000,Free
9932,10000000,Free
9933,10000000,Free
9934,10000000,Free
9935,10000000,Free
9937,10000000,Free
9938,10000000,Free
9939,10000000,Free
9941,10000000,Free
9942,10000000,Free
9943,10000000,Free
9944,10000000,Free
9945,10000000,Free
9946,10000000,Free
9947,10000000,Free
9949,10000000,Free
9950,10000000,Free
9951,10000000,Free
9952,10000000,Free
9954,10000000,Free
9955,10000000,Free
9956,10000000,Free
9957,10000000,Free
9958,10000000,Free
9960,10000000,Free
9962,10000000,Free
9963,10000000,Free
9965,10000000,Free
9966,10000000,Free
9967,10000000,Free
9968,10000000,Free
9970,10000000,Free
9971,10000000,Free
9972,10000000,Free
9974,10000000,Free
9975,10000000,Free
9978,10000000,Free
9979,10000000,Free
9980,10000000,Free
9981,10000000,Free
9982,10000000,Free
9983,10000000,Free
9984,10000000,Free
9985,10000000,Free
9987,10000000,Free
9988,10000000,Free
9989,10000000,Free
9990,10000000,Free
9991,10000000,Free
9992,10000000,Free
9998,10000000,Free
9999,10000000,Free
10000,10000000,Free
10002,10000000,Free
10003,10000000,Free
10004,10000000,Free
10005,10000000,Free
10006,10000000,Free
10007,10000000,Free
10008,10000000,Free
10009,10000000,Free
10010,10000000,Free
10011,10000000,Free
10012,10000000,Free
10013,50000000,Free
10014,50000000,Free
10015,50000000,Free
10016,50000000,Free
10017,50000000,Free
10018,50000000,Free
10019,50000000,Free
10020,50000000,Free
10021,50000000,Free
10022,50000000,Free
10023,50000000,Free
10024,50000000,Free
10025,50000000,Free
10026,50000000,Free
10027,50000000,Free
10029,50000000,Free
10030,50000000,Free
10031,50000000,Free
10033,50000000,Free
10036,50000000,Free
10037,50000000,Free
10038,50000000,Free
10039,50000000,Free
10040,50000000,Free
10041,50000000,Free
10043,50000000,Free
10045,50000000,Free
10046,50000000,Free
10047,50000000,Free
10048,50000000,Free
10049,50000000,Free
10050,50000000,Free
10051,50000000,Free
10054,50000000,Free
10055,50000000,Free
10056,50000000,Free
10058,50000000,Free
10060,50000000,Free
10061,50000000,Free
10062,50000000,Free
10063,50000000,Free
10065,50000000,Free
10067,50000000,Free
10068,50000000,Free
10069,50000000,Free
10070,50000000,Free
10075,50000000,Free
10076,50000000,Free
10077,50000000,Free
10078,50000000,Free
10079,50000000,Free
10083,50000000,Free
10088,50000000,Free
10091,50000000,Free
10092,50000000,Free
10097,50000000,Free
10098,50000000,Free
10099,50000000,Free
10100,50000000,Free
10101,50000000,Free
10104,50000000,Free
10108,50000000,Free
10109,50000000,Free
10111,50000000,Free
10112,50000000,Free
10114,50000000,Free
10115,50000000,Free
10116,50000000,Free
10117,50000000,Free
10118,50000000,Free
10123,50000000,Free
10124,50000000,Free
10125,50000000,Free
10126,50000000,Free
10127,50000000,Free
10131,50000000,Free
10132,50000000,Free
10133,50000000,Free
10134,50000000,Free
10135,50000000,Free
10137,50000000,Free
10138,50000000,Free
10140,50000000,Free
10141,50000000,Free
10143,50000000,Free
10144,50000000,Free
10145,50000000,Free
10146,50000000,Free
10147,50000000,Free
10148,50000000,Free
10149,50000000,Free
10152,50000000,Free
10153,50000000,Free
10155,50000000,Free
10157,50000000,Free
10158,50000000,Free
10160,50000000,Free
10161,50000000,Free
10162,50000000,Free
10163,50000000,Free
10164,50000000,Free
10165,50000000,Free
10166,50000000,Free
10167,50000000,Free
10168,50000000,Free
10169,50000000,Free
10170,50000000,Free
10171,50000000,Free
10172,50000000,Free
10176,50000000,Free
10177,50000000,Free
10178,50000000,Free
10179,50000000,Free
10180,50000000,Free
10181,50000000,Free
10184,50000000,Free
10186,50000000,Free
10187,50000000,Free
10188,50000000,Free
10190,50000000,Free
10191,50000000,Free
10193,50000000,Free
10194,50000000,Free
10195,50000000,Free
10197,50000000,Free
10198,50000000,Free
10199,50000000,Free
10200,50000000,Free
10201,50000000,Free
10202,50000000,Free
10205,50000000,Free
10208,50000000,Free
10209,50000000,Free
10210,50000000,Free
10212,50000000,Free
10213,50000000,Free
10214,50000000,Free
10215,50000000,Free
10216,50000000,Free
10217,50000000,Free
10219,50000000,Free
10220,50000000,Free
10221,50000000,Free
10222,50000000,Free
10223,50000000,Free
10224,50000000,Free
10225,50000000,Free
10226,50000000,Free
10227,50000000,Free
10228,50000000,Free
10230,50000000,Free
10231,50000000,Free
10232,50000000,Free
10233,50000000,Free
10234,50000000,Free
10236,50000000,Free
10237,50000000,Free
10238,50000000,Free
10239,50000000,Free
10240,50000000,Free
10241,50000000,Free
10242,50000000,Free
10243,50000000,Free
10244,50000000,Free
10246,50000000,Free
10247,50000000,Free
10248,50000000,Free
10249,50000000,Free
10251,50000000,Free
10252,50000000,Free
10253,50000000,Free
10254,50000000,Free
10255,50000000,Free
10256,50000000,Free
10257,50000000,Free
10258,50000000,Free
10259,50000000,Free
10263,50000000,Free
10265,50000000,Free
10266,50000000,Free
10267,50000000,Free
10269,50000000,Free
10270,50000000,Free
10272,50000000,Free
10273,50000000,Free
10274,50000000,Free
10275,50000000,Free
10277,50000000,Free
10282,50000000,Free
10287,50000000,Free
10288,50000000,Free
10289,50000000,Free
10291,50000000,Free
10292,50000000,Free
10293,50000000,Free
10294,50000000,Free
10295,50000000,Free
10296,50000000,Free
10297,50000000,Free
10299,50000000,Free
10300,50000000,Free
10301,50000000,Free
10302,100000000,Free
10303,100000000,Free
10304,100000000,Free
10305,100000000,Free
10306,100000000,Free
10307,100000000,Free
10313,100000000,Free
10314,100000000,Free
10317,100000000,Free
10318,100000000,Free
10320,100000000,Free
10322,100000000,Free
10323,100000000,Free
10325,100000000,Free
10326,100000000,Free
10327,100000000,Free
10329,100000000,Free
10334,100000000,Free
10335,100000000,Free
10336,100000000,Free
10337,100000000,Free
10338,100000000,Free
10341,100000000,Free
10342,100000000,Free
10343,100000000,Free
10344,100000000,Free
10345,100000000,Free
10346,100000000,Free
10347,100000000,Free
10348,100000000,Free
10349,100000000,Free
10354,100000000,Free
10355,100000000,Free
10359,100000000,Free
10364,100000000,Free
10372,100000000,Free
10376,100000000,Free
10377,100000000,Free
10381,100000000,Free
10385,100000000,Free
10386,100000000,Free
10387,100000000,Free
10388,100000000,Free
10389,100000000,Free
10393,100000000,Free
10396,100000000,Free
10404,100000000,Free
10407,100000000,Free
10415,100000000,Free
10416,100000000,Free
10417,100000000,Free
10419,100000000,Free
10420,100000000,Free
10421,100000000,Free
10422,100000000,Free
10423,100000000,Free
10432,100000000,Free
10434,100000000,Free
10435,100000000,Free
10436,100000000,Free
10445,100000000,Free
10446,100000000,Free
10447,100000000,Free
10449,100000000,Free
10451,100000000,Free
10452,100000000,Free
10453,100000000,Free
10455,100000000,Free
10460,100000000,Free
10461,100000000,Free
10465,100000000,Free
10468,100000000,Free
10469,100000000,Free
10470,100000000,Free
10471,100000000,Free
10479,100000000,Free
10480,100000000,Free
10481,100000000,Free
10482,100000000,Free
10483,100000000,Free
10484,100000000,Free
10485,100000000,Free
10486,100000000,Free
10487,100000000,Free
10488,100000000,Free
10489,100000000,Free
10491,100000000,Free
10492,100000000,Free
10494,100000000,Free
10495,100000000,Free
10498,100000000,Free
10499,100000000,Free
10502,100000000,Free
10504,100000000,Free
10505,100000000,Free
10506,100000000,Free
10507,100000000,Free
10508,100000000,Free
10509,100000000,Free
10510,100000000,Free
10511,100000000,Free
10512,100000000,Free
10513,100000000,Free
10517,100000000,Free
10522,100000000,Free
10523,100000000,Free
10530,100000000,Free
10535,100000000,Free
10536,100000000,Free
10538,100000000,Free
10540,100000000,Free
10541,100000000,Free
10544,100000000,Free
10549,100000000,Free
10551,100000000,Free
10552,100000000,Free
10553,100000000,Free
10554,100000000,Free
10555,100000000,Free
10556,100000000,Free
10558,100000000,Free
10560,100000000,Free
10562,100000000,Free
10563,100000000,Free
10564,100000000,Free
10567,100000000,Free
10570,100000000,Free
10572,100000000,Free
10573,100000000,Free
10574,100000000,Free
10575,100000000,Free
10576,100000000,Free
10578,100000000,Free
10580,100000000,Free
10581,100000000,Free
10584,100000000,Free
10585,100000000,Free
10593,100000000,Free
10594,100000000,Free
10597,100000000,Free
10601,100000000,Free
10603,100000000,Free
10604,100000000,Free
10605,100000000,Free
10606,100000000,Free
10607,100000000,Free
10608,100000000,Free
10609,100000000,Free
10611,100000000,Free
10614,100000000,Free
10615,100000000,Free
10626,100000000,Free
10627,100000000,Free
10628,100000000,Free
10630,100000000,Free
10633,100000000,Free
10636,100000000,Free
10637,100000000,Free
10638,100000000,Free
10639,100000000,Free
10640,100000000,Free
10644,100000000,Free
10647,100000000,Free
10649,100000000,Free
10650,100000000,Free
10654,100000000,Free
10657,100000000,Free
10659,100000000,Free
10660,100000000,Free
10661,100000000,Free
10662,100000000,Free
10667,100000000,Free
10672,100000000,Free
10676,100000000,Free
10680,100000000,Free
10681,100000000,Free
10682,100000000,Free
10686,100000000,Free
10687,100000000,Free
10690,100000000,Free
10692,100000000,Free
10694,100000000,Free
10695,100000000,Free
10696,100000000,Free
10699,100000000,Free
10701,100000000,Free
10702,100000000,Free
10707,100000000,Free
10710,100000000,Free
10711,500000000,Free
10713,500000000,Free
10717,500000000,Free
10721,500000000,Free
10722,500000000,Free
10724,500000000,Free
10731,500000000,Free
10734,500000000,Free
10735,500000000,Free
10740,500000000,Free
10741,500000000,Free
10744,500000000,Free
10746,500000000,Free
10747,500000000,Free
10748,500000000,Free
10752,500000000,Free
10754,500000000,Free
10757,500000000,Free
10758,500000000,Free
10763,500000000,Free
10770,500000000,Free
10773,500000000,Free
10776,500000000,Free
10777,500000000,Free
10783,1000000000,Free
10784,1000000000,Free
10785,1000000000,Free
10786,1000000000,Free
10787,1000000000,Free
10788,1000000000,Free
10792,1000000000,Free
10803,1000000000,Free
10805,1000000000,Free
10806,1000000000,Free
10807,1000000000,Free
10813,1000000000,Free
10817,1000000000,Free
10818,1000000000,Free
10822,1000000000,Free
10824,1000000000,Free
10828,1000000000,Free
10829,1000000000,Free
10831,1000000000,Free
10835,1000000000,Free
